loss  lr  ac_rate_train  ac_rate_test  ac_rate_evaluate
2.1910  1e-03  42.8192  41.5421
1.1755  1e-03  65.8484  59.9065
0.8140  1e-03  76.8822  65.8879
0.5842  1e-03  83.5252  75.3271
0.4320  1e-03  87.6756  83.5514
0.3382  1e-03  90.3961  82.6636
0.2552  1e-03  94.7235  84.2056
0.2683  1e-03  91.5349  83.6449
0.2572  1e-03  93.0659  85.1869
0.1716  1e-03  96.0774  88.6449
0.1443  1e-03  94.1668  87.8972
0.1673  1e-03  96.6468  89.9533
0.1239  1e-03  96.4823  87.2430
0.1223  1e-03  97.4820  92.4766
0.0978  1e-03  97.8742  93.4112
0.0939  1e-03  96.1913  91.0280
0.1351  1e-03  95.4574  87.6636
0.1060  1e-03  98.2538  92.1495
0.1295  1e-03  97.1909  89.8131
0.0861  1e-03  98.1146  91.0748
0.0813  1e-03  96.9126  91.9626
0.0712  1e-03  98.8865  92.2430
0.0627  1e-03  98.1779  89.6262
0.0546  1e-03  97.3807  90.0467
0.0644  1e-03  98.8865  92.8037
0.0535  1e-03  98.4563  91.9159
0.0711  1e-03  98.7979  93.1776
0.0719  1e-03  98.5449  91.3084
0.0792  1e-03  98.2412  91.1215
0.0594  1e-03  99.1269  92.3832
0.0332  1e-03  99.2788  92.8037
0.0645  1e-03  98.9751  93.9252
0.0363  1e-03  99.6331  92.5234
0.0433  1e-03  97.5579  90.2336
0.0526  1e-03  99.6457  92.9907
0.0504  1e-03  96.8113  88.9252
0.0698  5e-04  99.5824  93.8785
0.0104  5e-04  99.9494  94.6729
0.0043  5e-04  99.9620  94.8598
