Predicted_Labels  True_Labels
8  0
0  0
7  0
0  0
0  0
0  0
0  0
0  0
8  0
0  0
8  0
8  0
9  0
0  0
7  0
0  0
9  0
0  0
0  0
0  0
0  0
9  0
8  0
8  0
8  0
0  0
0  0
0  0
0  0
0  0
0  0
0  0
0  0
8  0
8  0
8  0
8  0
0  0
9  0
0  0
0  0
8  0
8  0
8  0
8  0
8  0
8  0
8  0
8  0
8  0
8  0
8  0
8  0
0  0
8  0
8  0
0  0
0  0
8  0
8  0
8  0
8  0
8  0
0  0
5  0
0  0
8  0
0  0
7  0
0  0
0  0
9  0
9  0
9  0
8  0
8  0
8  0
8  0
8  0
8  0
8  0
0  0
8  0
8  0
8  0
8  0
8  0
8  0
8  0
8  0
0  0
0  0
0  0
0  0
0  0
0  0
0  0
8  0
0  0
8  0
1  1
3  1
3  1
3  1
1  1
1  1
1  1
3  1
1  1
1  1
12  1
3  1
3  1
1  1
3  1
1  1
12  1
1  1
1  1
1  1
1  1
8  1
1  1
1  1
1  1
3  1
1  1
12  1
3  1
1  1
3  1
12  1
3  1
3  1
1  1
1  1
1  1
3  1
1  1
1  1
3  1
1  1
3  1
3  1
1  1
12  1
3  1
1  1
3  1
1  1
3  1
1  1
1  1
3  1
3  1
3  1
12  1
3  1
3  1
1  1
3  1
3  1
1  1
3  1
3  1
3  1
3  1
3  1
1  1
12  1
1  1
3  1
1  1
3  1
3  1
3  1
3  1
3  1
1  1
8  1
3  1
12  1
3  1
12  1
3  1
3  1
3  1
3  1
3  1
3  1
3  1
3  1
3  1
1  1
3  1
3  1
3  1
3  1
1  1
3  1
3  1
3  1
1  1
12  1
8  1
10  2
10  2
10  2
0  2
10  2
10  2
0  2
2  2
10  2
11  2
0  2
10  2
11  2
2  2
10  2
10  2
8  2
8  2
8  2
8  2
8  2
8  2
8  2
8  2
7  2
10  2
5  2
0  2
0  2
0  2
0  2
0  2
5  2
9  2
9  2
9  2
7  2
5  2
0  2
5  2
5  2
10  2
16  2
8  2
16  2
10  2
16  2
5  2
10  2
16  2
16  2
7  2
10  2
12  2
0  2
7  2
8  2
10  2
8  2
12  2
12  2
7  2
10  2
7  2
8  2
0  2
8  2
8  2
10  2
8  2
8  2
8  2
0  2
8  2
16  2
16  2
8  2
7  2
0  2
2  2
9  2
0  2
10  2
10  2
9  2
0  2
0  2
8  2
9  2
9  2
8  2
8  2
7  2
16  2
16  2
8  2
8  2
8  2
8  2
8  2
2  2
12  2
2  2
16  2
2  2
8  2
2  2
8  2
0  2
8  2
2  2
9  2
8  2
10  2
10  2
8  2
16  2
8  2
0  2
7  2
8  2
0  2
10  2
8  2
10  2
7  2
7  2
8  2
7  2
10  2
10  2
3  3
3  3
3  3
3  3
3  3
3  3
3  3
3  3
3  3
3  3
3  3
3  3
3  3
3  3
3  3
3  3
3  3
3  3
3  3
3  3
3  3
3  3
3  3
3  3
3  3
3  3
3  3
3  3
3  3
3  3
3  3
3  3
3  3
3  3
3  3
3  3
3  3
3  3
3  3
3  3
3  3
3  3
3  3
3  3
3  3
3  3
3  3
3  3
3  3
3  3
3  3
3  3
3  3
3  3
3  3
3  3
3  3
3  3
3  3
3  3
3  3
3  3
3  3
3  3
3  3
3  3
3  3
3  3
3  3
3  3
3  3
3  3
3  3
3  3
3  3
3  3
3  3
3  3
3  3
3  3
3  3
3  3
3  3
3  3
3  3
3  3
3  3
3  3
3  3
3  3
3  3
3  3
3  3
3  3
3  3
3  3
3  3
3  3
3  3
3  3
5  4
5  4
5  4
5  4
5  4
5  4
5  4
5  4
5  4
5  4
5  4
5  4
5  4
5  4
5  4
5  4
9  4
9  4
8  4
9  4
5  4
5  4
5  4
5  4
5  4
5  4
5  4
5  4
0  4
9  4
5  4
5  4
5  4
5  4
5  4
5  4
5  4
5  4
5  4
5  4
5  4
5  4
5  4
9  4
5  4
9  4
5  4
5  4
5  4
14  4
9  4
5  4
5  4
9  4
5  4
5  4
5  4
5  4
5  4
5  4
5  4
5  4
9  4
5  4
5  4
5  4
5  4
14  4
5  4
5  4
5  4
5  4
5  4
5  4
5  4
5  4
5  4
5  4
5  4
5  4
5  4
0  4
5  4
5  4
6  4
5  4
5  4
9  4
5  4
5  4
5  4
5  4
5  4
5  4
5  4
5  4
5  4
5  4
5  4
5  4
5  5
5  5
5  5
5  5
5  5
5  5
5  5
5  5
5  5
5  5
5  5
5  5
5  5
5  5
5  5
5  5
5  5
5  5
5  5
5  5
5  5
5  5
5  5
9  5
5  5
5  5
5  5
5  5
9  5
5  5
5  5
5  5
5  5
5  5
9  5
5  5
5  5
9  5
5  5
5  5
5  5
5  5
5  5
5  5
5  5
5  5
5  5
5  5
5  5
5  5
5  5
9  5
5  5
5  5
5  5
5  5
5  5
5  5
5  5
5  5
5  5
5  5
5  5
5  5
5  5
5  5
5  5
5  5
5  5
5  5
14  5
5  5
5  5
5  5
5  5
5  5
5  5
5  5
5  5
9  5
0  5
7  5
5  5
9  5
5  5
5  5
9  5
5  5
9  5
5  5
9  5
0  5
5  5
0  5
5  5
5  5
5  5
5  5
5  5
5  5
5  6
5  6
9  6
5  6
5  6
5  6
5  6
5  6
5  6
5  6
5  6
5  6
5  6
5  6
5  6
5  6
5  6
5  6
5  6
5  6
5  6
5  6
5  6
5  6
5  6
5  6
5  6
9  6
5  6
5  6
5  6
5  6
9  6
5  6
5  6
5  6
5  6
5  6
5  6
9  6
5  6
9  6
5  6
9  6
5  6
5  6
5  6
5  6
5  6
9  6
5  6
5  6
5  6
5  6
5  6
5  6
5  6
5  6
5  6
5  6
5  6
5  6
0  6
5  6
9  6
5  6
5  6
5  6
5  6
5  6
5  6
0  6
5  6
5  6
5  6
5  6
5  6
9  6
5  6
0  6
5  6
5  6
5  6
5  6
5  6
5  6
5  6
5  6
5  6
5  6
5  6
9  6
5  6
5  6
9  6
0  6
5  6
5  6
5  6
5  6
5  6
7  7
8  7
8  7
8  7
8  7
8  7
8  7
8  7
8  7
8  7
0  7
5  7
9  7
9  7
5  7
0  7
0  7
5  7
5  7
5  7
0  7
5  7
9  7
9  7
5  7
5  7
5  7
5  7
0  7
0  7
0  7
9  7
9  7
9  7
0  7
0  7
9  7
0  7
5  7
5  7
7  7
7  7
7  7
8  7
7  7
7  7
7  7
7  7
7  7
8  7
0  7
9  7
9  7
9  7
0  7
5  7
9  7
9  7
9  7
9  7
5  7
5  7
9  7
8  7
7  7
9  7
5  7
7  7
5  7
5  7
5  7
7  7
8  7
0  7
7  7
8  7
7  7
7  7
7  7
8  7
7  7
8  7
8  7
7  7
10  7
7  7
7  7
7  7
7  7
7  7
7  7
10  7
8  7
7  7
7  7
8  7
8  7
7  7
7  7
8  7
7  7
0  7
9  7
9  7
9  7
9  7
9  7
9  7
9  7
5  7
5  7
5  7
9  7
5  7
0  7
9  7
8  7
8  7
8  7
8  7
7  7
5  7
5  7
7  7
8  7
7  7
7  7
8  7
8  7
7  7
0  7
9  7
0  7
9  7
0  7
0  7
9  7
9  7
9  7
0  7
7  7
7  7
8  7
9  7
7  7
7  7
7  7
7  7
7  7
7  7
8  8
8  8
8  8
8  8
8  8
8  8
0  8
8  8
8  8
8  8
8  8
8  8
8  8
8  8
8  8
8  8
8  8
8  8
0  8
8  8
8  8
8  8
8  8
8  8
8  8
9  8
8  8
8  8
8  8
8  8
8  8
8  8
8  8
8  8
8  8
8  8
8  8
8  8
8  8
8  8
8  8
8  8
8  8
8  8
8  8
8  8
8  8
8  8
8  8
8  8
8  8
8  8
8  8
8  8
8  8
8  8
8  8
8  8
8  8
8  8
8  8
8  8
8  8
8  8
8  8
8  8
8  8
8  8
8  8
8  8
8  8
8  8
8  8
8  8
8  8
8  8
8  8
8  8
8  8
8  8
8  8
8  8
8  8
8  8
8  8
8  8
8  8
8  8
8  8
0  8
7  8
7  8
8  8
8  8
8  8
0  8
8  8
8  8
8  8
8  8
8  8
7  8
8  8
8  8
8  8
8  8
8  8
8  8
8  8
8  8
8  8
8  8
8  8
8  8
8  8
8  8
8  8
8  8
8  8
8  8
8  8
8  8
8  8
8  8
8  8
8  8
8  8
8  8
8  8
8  8
8  8
8  8
8  8
8  8
8  8
8  8
8  8
8  8
8  8
8  8
8  8
8  8
8  8
8  8
8  8
8  8
8  8
8  8
8  8
8  8
8  8
8  8
8  8
8  8
8  8
8  8
8  8
8  8
8  8
8  8
15  8
8  8
8  8
8  8
8  8
15  8
8  8
15  8
8  8
8  8
15  8
8  8
8  8
12  8
8  8
8  8
8  8
8  8
8  8
8  8
8  8
12  8
8  8
8  8
12  8
12  8
12  8
8  8
12  8
8  8
12  8
8  8
8  8
12  8
8  8
12  8
8  8
12  8
8  8
8  8
8  8
8  8
8  8
8  8
8  8
8  8
8  8
8  8
8  8
8  8
8  8
8  8
3  8
3  8
3  8
1  8
3  8
1  8
3  8
3  8
3  8
3  8
3  8
3  8
3  8
3  8
3  8
3  8
1  8
3  8
3  8
3  8
3  8
3  8
3  8
1  8
3  8
3  8
3  8
3  8
3  8
3  8
1  8
3  8
1  8
3  8
3  8
3  8
3  8
3  8
3  8
3  8
3  8
3  8
3  8
1  8
3  8
3  8
3  8
3  8
3  8
3  8
3  8
3  8
3  8
3  8
3  8
3  8
3  8
3  8
3  8
15  8
8  8
8  8
15  8
8  8
8  8
8  8
8  8
8  8
8  8
15  8
15  8
8  8
8  8
15  8
8  8
8  8
15  8
8  8
8  8
9  8
8  8
14  8
14  8
8  8
14  8
8  8
8  8
14  8
15  8
8  8
8  8
1  8
15  8
8  8
8  8
8  8
15  8
14  8
15  8
1  8
8  8
8  8
1  8
8  8
1  8
8  8
8  8
8  8
8  8
1  8
8  8
8  8
15  8
14  8
8  8
15  8
8  8
14  8
8  8
14  8
8  8
15  8
8  8
8  8
15  8
15  8
5  9
5  9
5  9
5  9
15  9
5  9
5  9
5  9
5  9
14  9
5  9
5  9
5  9
5  9
14  9
5  9
5  9
14  9
5  9
0  9
9  9
5  9
5  9
8  9
5  9
5  9
15  9
5  9
5  9
9  9
14  9
5  9
5  9
5  9
9  9
5  9
5  9
5  9
14  9
9  9
9  9
5  9
5  9
5  9
9  9
5  9
5  9
5  9
5  9
5  9
9  9
0  9
0  9
9  9
9  9
8  9
5  9
0  9
5  9
5  9
9  9
9  9
9  9
0  9
17  9
17  9
9  9
5  9
9  9
10  9
17  9
17  9
0  9
5  9
5  9
5  9
5  9
5  9
5  9
5  9
5  9
9  9
5  9
5  9
9  9
5  9
5  9
9  9
9  9
17  9
17  9
17  9
10  9
9  9
17  9
9  9
17  9
17  9
17  9
17  9
11  10
0  10
0  10
0  10
8  10
0  10
0  10
10  10
10  10
2  10
0  10
7  10
7  10
8  10
0  10
0  10
7  10
7  10
7  10
10  10
0  10
10  10
7  10
7  10
10  10
0  10
10  10
7  10
11  10
17  10
10  10
0  10
10  10
0  10
17  10
10  10
8  10
8  10
10  10
0  10
0  10
10  10
7  10
10  10
2  10
8  10
8  10
10  10
8  10
17  10
10  10
10  10
0  10
0  10
10  10
10  10
7  10
10  10
0  10
7  10
10  10
17  10
17  10
17  10
10  10
10  10
0  10
7  10
10  10
10  10
0  10
7  10
17  10
10  10
8  10
7  10
7  10
7  10
7  10
10  10
7  10
11  10
7  10
10  10
10  10
7  10
10  10
10  10
7  10
10  10
0  10
10  10
10  10
17  10
0  10
10  10
10  10
7  10
7  10
10  10
11  11
17  11
11  11
11  11
11  11
11  11
11  11
11  11
11  11
11  11
17  11
11  11
17  11
11  11
11  11
11  11
11  11
11  11
17  11
17  11
11  11
11  11
10  11
17  11
17  11
17  11
11  11
17  11
17  11
11  11
17  11
17  11
17  11
17  11
11  11
17  11
17  11
17  11
11  11
17  11
17  11
11  11
11  11
11  11
11  11
17  11
17  11
11  11
17  11
17  11
11  11
17  11
17  11
11  11
17  11
17  11
10  11
17  11
17  11
10  11
10  11
17  11
17  11
17  11
17  11
17  11
10  11
17  11
17  11
11  11
17  11
17  11
17  11
17  11
11  11
11  11
11  11
10  11
11  11
11  11
11  11
11  11
16  11
10  11
10  11
7  11
11  11
11  11
10  11
10  11
11  11
11  11
10  11
11  11
17  11
11  11
11  11
11  11
17  11
17  11
12  12
12  12
12  12
12  12
12  12
12  12
12  12
12  12
12  12
12  12
12  12
12  12
12  12
12  12
12  12
12  12
12  12
12  12
12  12
12  12
12  12
12  12
12  12
12  12
12  12
12  12
12  12
12  12
12  12
12  12
12  12
12  12
12  12
12  12
12  12
12  12
12  12
12  12
12  12
12  12
12  12
12  12
12  12
12  12
12  12
12  12
12  12
1  12
1  12
12  12
12  12
1  12
12  12
12  12
12  12
12  12
12  12
12  12
12  12
12  12
1  12
12  12
12  12
1  12
12  12
12  12
12  12
12  12
12  12
12  12
12  12
12  12
12  12
12  12
12  12
3  12
3  12
1  12
3  12
3  12
3  12
3  12
3  12
3  12
3  12
3  12
3  12
3  12
3  12
3  12
1  12
1  12
1  12
1  12
3  12
3  12
3  12
1  12
3  12
3  12
1  12
3  12
3  12
10  13
17  13
7  13
7  13
17  13
10  13
17  13
10  13
17  13
10  13
7  13
17  13
17  13
17  13
7  13
10  13
17  13
10  13
11  13
17  13
7  13
11  13
11  13
17  13
7  13
10  13
17  13
16  13
10  13
10  13
10  13
7  13
10  13
17  13
11  13
11  13
17  13
10  13
11  13
11  13
11  13
11  13
8  13
17  13
10  13
10  13
7  13
17  13
11  13
11  13
9  13
17  13
11  13
10  13
10  13
17  13
11  13
11  13
11  13
11  13
17  13
17  13
17  13
17  13
11  13
17  13
9  13
10  13
17  13
10  13
11  13
11  13
17  13
10  13
17  13
17  13
11  13
17  13
10  13
17  13
10  13
2  13
17  13
10  13
17  13
10  13
11  13
17  13
10  13
10  13
17  13
17  13
8  13
8  13
10  13
11  13
9  13
17  13
5  13
10  13
0  13
17  13
11  13
17  13
10  13
8  13
17  13
10  13
5  14
14  14
5  14
14  14
14  14
15  14
5  14
15  14
15  14
15  14
15  14
8  14
5  14
14  14
14  14
14  14
5  14
14  14
14  14
14  14
14  14
14  14
5  14
5  14
5  14
5  14
8  14
15  14
5  14
5  14
14  14
14  14
5  14
5  14
5  14
15  14
15  14
15  14
5  14
14  14
5  14
5  14
15  14
12  14
5  14
15  14
12  14
5  14
5  14
15  14
15  14
15  14
5  14
5  14
14  14
14  14
5  14
9  14
5  14
15  14
5  14
5  14
5  14
14  14
5  14
14  14
9  14
8  14
15  14
5  14
5  14
15  14
5  14
5  14
5  14
15  14
15  14
5  14
14  14
14  14
5  14
9  14
12  14
8  14
14  14
14  14
5  14
5  14
15  14
5  14
5  14
14  14
14  14
15  14
14  14
5  14
5  14
15  14
14  14
15  14
14  14
5  14
14  14
5  15
14  15
1  15
14  15
14  15
15  15
5  15
15  15
15  15
15  15
15  15
15  15
15  15
15  15
8  15
15  15
14  15
9  15
14  15
15  15
15  15
15  15
15  15
14  15
15  15
15  15
15  15
15  15
15  15
5  15
5  15
8  15
15  15
5  15
5  15
15  15
15  15
15  15
15  15
8  15
15  15
15  15
15  15
15  15
15  15
14  15
15  15
15  15
12  15
15  15
15  15
15  15
15  15
15  15
15  15
12  15
15  15
15  15
8  15
15  15
15  15
15  15
15  15
15  15
15  15
15  15
15  15
15  15
15  15
15  15
15  15
15  15
9  15
8  15
15  15
9  15
15  15
8  15
8  15
12  15
15  15
15  15
14  15
15  15
12  15
9  15
15  15
8  15
9  15
15  15
15  15
15  15
9  15
15  15
15  15
9  15
8  15
15  15
15  15
15  15
15  15
10  16
10  16
10  16
16  16
10  16
10  16
16  16
16  16
16  16
10  16
16  16
16  16
7  16
8  16
7  16
7  16
16  16
16  16
7  16
16  16
7  16
16  16
16  16
16  16
16  16
16  16
16  16
16  16
16  16
16  16
16  16
8  16
16  16
7  16
16  16
16  16
7  16
7  16
7  16
7  16
16  16
8  16
16  16
16  16
7  16
7  16
16  16
16  16
8  16
8  16
7  16
7  16
16  16
7  16
8  16
7  16
16  16
7  16
8  16
8  16
16  16
7  16
7  16
16  16
8  16
7  16
7  16
16  16
7  16
8  16
7  16
16  16
16  16
16  16
16  16
8  16
8  16
7  16
8  16
7  16
7  16
8  16
8  16
16  16
8  16
8  16
7  16
7  16
8  16
8  16
8  16
7  16
7  16
8  16
8  16
8  16
7  16
7  16
8  16
7  16
17  17
5  17
5  17
5  17
17  17
5  17
17  17
17  17
9  17
17  17
17  17
17  17
17  17
9  17
5  17
5  17
5  17
17  17
17  17
17  17
17  17
17  17
5  17
17  17
17  17
17  17
17  17
5  17
9  17
17  17
17  17
17  17
5  17
17  17
17  17
17  17
5  17
5  17
5  17
17  17
17  17
9  17
17  17
5  17
9  17
17  17
17  17
17  17
9  17
9  17
5  17
9  17
5  17
5  17
17  17
17  17
5  17
17  17
5  17
9  17
17  17
17  17
17  17
17  17
17  17
5  17
17  17
17  17
5  17
9  17
9  17
5  17
5  17
17  17
17  17
5  17
9  17
5  17
5  17
5  17
5  17
5  17
5  17
5  17
17  17
17  17
17  17
5  17
17  17
17  17
5  17
5  17
5  17
5  17
17  17
5  17
5  17
5  17
5  17
17  17
