Predicted_Labels  True_Labels
0  0
0  0
7  0
7  0
0  0
0  0
0  0
0  0
0  0
0  0
0  0
0  0
0  0
0  0
0  0
0  0
0  0
0  0
0  0
0  0
0  0
0  0
0  0
0  0
0  0
0  0
0  0
0  0
0  0
0  0
0  0
0  0
0  0
0  0
0  0
0  0
0  0
0  0
0  0
0  0
0  0
0  0
0  0
0  0
0  0
0  0
0  0
0  0
0  0
0  0
0  0
0  0
0  0
0  0
0  0
0  0
0  0
0  0
0  0
0  0
0  0
0  0
0  0
0  0
0  0
0  0
0  0
0  0
0  0
0  0
0  0
0  0
0  0
0  0
7  0
0  0
0  0
0  0
0  0
0  0
0  0
0  0
0  0
0  0
0  0
0  0
0  0
0  0
0  0
0  0
0  0
0  0
0  0
0  0
0  0
0  0
0  0
0  0
0  0
0  0
1  1
1  1
1  1
1  1
1  1
1  1
1  1
1  1
1  1
1  1
1  1
1  1
1  1
1  1
1  1
1  1
1  1
1  1
1  1
1  1
1  1
1  1
1  1
1  1
1  1
3  1
1  1
1  1
1  1
1  1
1  1
9  1
1  1
1  1
1  1
1  1
1  1
1  1
1  1
1  1
1  1
1  1
1  1
1  1
1  1
1  1
1  1
1  1
1  1
1  1
1  1
1  1
1  1
1  1
1  1
1  1
1  1
1  1
1  1
1  1
1  1
1  1
1  1
1  1
1  1
1  1
1  1
1  1
1  1
1  1
1  1
1  1
1  1
1  1
1  1
1  1
1  1
3  1
1  1
8  1
1  1
1  1
1  1
1  1
1  1
1  1
3  1
8  1
3  1
1  1
1  1
1  1
1  1
1  1
3  1
1  1
1  1
1  1
1  1
1  1
1  1
1  1
1  1
1  1
1  1
2  2
2  2
2  2
2  2
2  2
2  2
2  2
2  2
2  2
2  2
13  2
2  2
2  2
13  2
2  2
2  2
2  2
2  2
2  2
2  2
2  2
2  2
2  2
2  2
2  2
2  2
2  2
2  2
2  2
2  2
2  2
2  2
2  2
2  2
2  2
2  2
2  2
2  2
2  2
2  2
2  2
2  2
2  2
2  2
2  2
2  2
2  2
2  2
2  2
2  2
2  2
2  2
2  2
2  2
2  2
2  2
2  2
2  2
2  2
2  2
2  2
2  2
2  2
2  2
2  2
2  2
2  2
2  2
2  2
2  2
2  2
2  2
2  2
2  2
2  2
2  2
2  2
2  2
2  2
2  2
2  2
2  2
2  2
2  2
2  2
2  2
2  2
2  2
2  2
2  2
2  2
2  2
2  2
2  2
2  2
2  2
2  2
2  2
2  2
2  2
2  2
2  2
2  2
2  2
2  2
2  2
2  2
2  2
2  2
2  2
2  2
2  2
2  2
2  2
2  2
2  2
2  2
2  2
2  2
2  2
2  2
2  2
2  2
2  2
2  2
2  2
2  2
2  2
2  2
2  2
2  2
3  3
3  3
3  3
3  3
3  3
3  3
3  3
3  3
3  3
3  3
3  3
3  3
3  3
3  3
3  3
3  3
3  3
3  3
3  3
3  3
3  3
3  3
3  3
3  3
3  3
1  3
3  3
3  3
3  3
3  3
3  3
3  3
3  3
3  3
3  3
3  3
3  3
3  3
3  3
3  3
3  3
3  3
3  3
3  3
3  3
3  3
3  3
3  3
3  3
3  3
3  3
3  3
3  3
3  3
3  3
3  3
3  3
3  3
3  3
3  3
3  3
3  3
3  3
3  3
3  3
3  3
3  3
3  3
3  3
3  3
3  3
3  3
3  3
3  3
3  3
3  3
3  3
3  3
3  3
3  3
3  3
3  3
3  3
3  3
3  3
3  3
3  3
3  3
3  3
3  3
3  3
3  3
3  3
3  3
3  3
3  3
3  3
3  3
3  3
3  3
4  4
4  4
9  4
4  4
4  4
4  4
4  4
4  4
4  4
4  4
4  4
4  4
5  4
4  4
4  4
4  4
4  4
5  4
4  4
4  4
4  4
4  4
4  4
5  4
5  4
4  4
5  4
5  4
5  4
9  4
4  4
4  4
4  4
5  4
4  4
4  4
4  4
4  4
5  4
4  4
4  4
4  4
4  4
4  4
4  4
9  4
4  4
4  4
4  4
5  4
4  4
5  4
4  4
9  4
4  4
4  4
4  4
4  4
4  4
4  4
4  4
4  4
4  4
4  4
4  4
4  4
4  4
4  4
4  4
4  4
5  4
4  4
4  4
4  4
4  4
9  4
4  4
4  4
4  4
5  4
4  4
9  4
4  4
4  4
4  4
5  4
4  4
9  4
4  4
4  4
4  4
4  4
4  4
4  4
4  4
4  4
4  4
4  4
4  4
4  4
5  5
5  5
5  5
5  5
5  5
5  5
5  5
5  5
5  5
5  5
5  5
5  5
5  5
5  5
5  5
5  5
5  5
5  5
5  5
5  5
5  5
5  5
5  5
5  5
5  5
5  5
5  5
5  5
5  5
5  5
5  5
5  5
5  5
5  5
5  5
5  5
5  5
5  5
5  5
5  5
5  5
5  5
5  5
5  5
5  5
5  5
5  5
5  5
5  5
5  5
5  5
5  5
5  5
5  5
5  5
5  5
5  5
5  5
5  5
5  5
5  5
5  5
5  5
5  5
5  5
5  5
5  5
5  5
5  5
5  5
5  5
5  5
5  5
5  5
5  5
5  5
5  5
5  5
5  5
5  5
5  5
2  5
5  5
5  5
5  5
5  5
5  5
5  5
5  5
5  5
5  5
5  5
5  5
5  5
5  5
5  5
5  5
5  5
5  5
5  5
5  6
6  6
6  6
6  6
6  6
6  6
6  6
6  6
6  6
6  6
6  6
6  6
6  6
6  6
6  6
6  6
6  6
5  6
6  6
6  6
6  6
6  6
6  6
6  6
6  6
6  6
6  6
6  6
6  6
6  6
6  6
6  6
6  6
6  6
6  6
6  6
6  6
5  6
6  6
6  6
6  6
6  6
6  6
6  6
6  6
6  6
6  6
6  6
6  6
6  6
6  6
6  6
6  6
6  6
6  6
6  6
6  6
6  6
6  6
6  6
6  6
6  6
6  6
6  6
6  6
6  6
6  6
6  6
5  6
6  6
6  6
6  6
6  6
6  6
6  6
6  6
6  6
6  6
5  6
6  6
6  6
5  6
6  6
5  6
6  6
6  6
5  6
6  6
6  6
6  6
6  6
6  6
7  6
5  6
6  6
6  6
5  6
6  6
6  6
5  6
6  6
7  7
7  7
7  7
7  7
7  7
7  7
7  7
7  7
7  7
7  7
7  7
7  7
7  7
7  7
7  7
7  7
7  7
7  7
7  7
7  7
7  7
7  7
7  7
7  7
7  7
7  7
7  7
7  7
7  7
7  7
7  7
7  7
7  7
7  7
7  7
7  7
7  7
7  7
7  7
7  7
7  7
7  7
7  7
0  7
7  7
7  7
7  7
7  7
7  7
7  7
7  7
7  7
7  7
7  7
5  7
7  7
7  7
7  7
7  7
7  7
7  7
7  7
7  7
7  7
7  7
7  7
7  7
7  7
7  7
7  7
7  7
7  7
7  7
7  7
7  7
7  7
7  7
7  7
7  7
7  7
7  7
7  7
7  7
7  7
7  7
7  7
7  7
7  7
7  7
7  7
7  7
7  7
7  7
7  7
7  7
7  7
7  7
7  7
7  7
7  7
7  7
7  7
7  7
7  7
7  7
7  7
7  7
7  7
7  7
7  7
7  7
7  7
7  7
7  7
7  7
7  7
7  7
7  7
7  7
7  7
7  7
7  7
7  7
7  7
0  7
7  7
7  7
7  7
7  7
7  7
7  7
7  7
7  7
7  7
7  7
7  7
7  7
7  7
7  7
7  7
7  7
7  7
7  7
7  7
7  7
7  7
7  7
7  7
7  7
7  7
8  8
8  8
8  8
8  8
8  8
8  8
8  8
8  8
8  8
8  8
8  8
8  8
8  8
8  8
8  8
8  8
8  8
8  8
8  8
8  8
8  8
8  8
8  8
8  8
8  8
8  8
8  8
8  8
8  8
8  8
8  8
8  8
8  8
8  8
8  8
8  8
8  8
8  8
8  8
8  8
8  8
8  8
8  8
8  8
8  8
8  8
8  8
8  8
8  8
8  8
8  8
8  8
8  8
8  8
8  8
8  8
8  8
8  8
8  8
8  8
8  8
8  8
8  8
8  8
8  8
8  8
8  8
8  8
8  8
8  8
8  8
8  8
8  8
8  8
8  8
8  8
8  8
8  8
8  8
8  8
8  8
8  8
8  8
8  8
8  8
8  8
8  8
8  8
8  8
7  8
8  8
8  8
8  8
8  8
8  8
8  8
8  8
8  8
8  8
8  8
8  8
8  8
8  8
8  8
8  8
8  8
8  8
8  8
8  8
8  8
8  8
8  8
8  8
8  8
8  8
8  8
8  8
8  8
8  8
8  8
8  8
8  8
8  8
8  8
8  8
8  8
8  8
8  8
8  8
8  8
8  8
8  8
8  8
8  8
8  8
8  8
8  8
8  8
8  8
8  8
8  8
8  8
8  8
8  8
8  8
8  8
8  8
8  8
8  8
8  8
8  8
8  8
8  8
8  8
8  8
8  8
8  8
8  8
8  8
8  8
8  8
8  8
8  8
8  8
8  8
8  8
8  8
8  8
8  8
8  8
8  8
8  8
8  8
8  8
8  8
8  8
8  8
8  8
8  8
8  8
8  8
8  8
8  8
8  8
8  8
8  8
8  8
8  8
8  8
8  8
8  8
8  8
8  8
8  8
8  8
8  8
8  8
8  8
8  8
8  8
8  8
8  8
8  8
8  8
8  8
8  8
8  8
8  8
8  8
8  8
8  8
8  8
8  8
8  8
8  8
8  8
8  8
8  8
8  8
8  8
8  8
8  8
8  8
8  8
8  8
8  8
8  8
8  8
8  8
8  8
8  8
8  8
8  8
8  8
8  8
8  8
8  8
8  8
8  8
8  8
8  8
8  8
8  8
8  8
8  8
8  8
8  8
8  8
8  8
8  8
8  8
8  8
8  8
8  8
8  8
8  8
8  8
8  8
3  8
8  8
8  8
8  8
8  8
8  8
8  8
8  8
8  8
3  8
8  8
8  8
8  8
8  8
8  8
8  8
8  8
8  8
8  8
8  8
8  8
8  8
8  8
8  8
8  8
8  8
8  8
8  8
8  8
8  8
8  8
8  8
8  8
8  8
8  8
8  8
8  8
8  8
8  8
8  8
8  8
8  8
8  8
8  8
8  8
8  8
8  8
8  8
8  8
8  8
8  8
8  8
8  8
8  8
8  8
8  8
8  8
8  8
8  8
8  8
8  8
8  8
8  8
8  8
8  8
8  8
8  8
8  8
8  8
8  8
8  8
8  8
8  8
8  8
8  8
8  8
8  8
8  8
8  8
9  8
9  9
9  9
9  9
9  9
9  9
9  9
9  9
9  9
9  9
9  9
9  9
9  9
9  9
9  9
9  9
9  9
9  9
9  9
9  9
9  9
9  9
9  9
9  9
9  9
9  9
9  9
9  9
9  9
9  9
9  9
9  9
9  9
9  9
9  9
9  9
9  9
5  9
9  9
9  9
9  9
9  9
9  9
9  9
9  9
9  9
9  9
9  9
9  9
9  9
9  9
9  9
9  9
9  9
9  9
9  9
9  9
9  9
9  9
9  9
9  9
9  9
9  9
9  9
9  9
5  9
9  9
9  9
9  9
9  9
11  9
9  9
9  9
9  9
9  9
9  9
9  9
9  9
9  9
9  9
9  9
9  9
2  9
9  9
9  9
9  9
9  9
9  9
9  9
9  9
9  9
13  9
9  9
11  9
9  9
13  9
9  9
9  9
9  9
9  9
9  9
10  10
10  10
10  10
10  10
10  10
10  10
10  10
10  10
10  10
10  10
10  10
10  10
10  10
10  10
10  10
10  10
10  10
10  10
10  10
10  10
10  10
10  10
10  10
10  10
10  10
10  10
10  10
10  10
10  10
10  10
10  10
10  10
10  10
10  10
13  10
10  10
10  10
10  10
13  10
10  10
10  10
10  10
10  10
10  10
10  10
10  10
10  10
10  10
10  10
10  10
13  10
10  10
10  10
10  10
10  10
10  10
10  10
10  10
10  10
10  10
10  10
10  10
13  10
17  10
10  10
10  10
10  10
10  10
10  10
10  10
10  10
10  10
10  10
10  10
10  10
10  10
10  10
10  10
10  10
10  10
10  10
10  10
10  10
10  10
10  10
10  10
10  10
10  10
10  10
10  10
10  10
10  10
10  10
10  10
10  10
10  10
10  10
10  10
10  10
10  10
11  11
11  11
11  11
11  11
11  11
11  11
11  11
11  11
11  11
11  11
11  11
11  11
11  11
11  11
11  11
11  11
11  11
11  11
11  11
11  11
11  11
11  11
11  11
11  11
11  11
11  11
11  11
11  11
17  11
11  11
11  11
11  11
17  11
11  11
11  11
13  11
11  11
17  11
11  11
17  11
11  11
11  11
11  11
11  11
11  11
11  11
11  11
11  11
17  11
11  11
11  11
11  11
17  11
11  11
11  11
11  11
13  11
13  11
11  11
11  11
13  11
11  11
11  11
11  11
11  11
17  11
11  11
13  11
11  11
11  11
11  11
11  11
11  11
11  11
11  11
17  11
11  11
17  11
17  11
11  11
11  11
11  11
17  11
11  11
11  11
7  11
17  11
11  11
17  11
17  11
11  11
11  11
11  11
11  11
11  11
11  11
11  11
17  11
17  11
17  11
12  12
12  12
12  12
12  12
12  12
12  12
12  12
12  12
12  12
12  12
12  12
12  12
12  12
12  12
12  12
12  12
12  12
12  12
12  12
12  12
12  12
12  12
12  12
12  12
12  12
8  12
12  12
12  12
12  12
12  12
12  12
12  12
12  12
12  12
12  12
12  12
12  12
12  12
12  12
12  12
12  12
12  12
12  12
12  12
12  12
12  12
12  12
12  12
12  12
12  12
12  12
12  12
12  12
12  12
12  12
12  12
12  12
12  12
12  12
12  12
12  12
12  12
12  12
12  12
12  12
12  12
12  12
12  12
12  12
12  12
12  12
12  12
12  12
12  12
12  12
8  12
12  12
8  12
8  12
12  12
8  12
8  12
8  12
8  12
8  12
8  12
8  12
8  12
12  12
12  12
12  12
12  12
12  12
12  12
12  12
8  12
12  12
8  12
8  12
12  12
12  12
12  12
12  12
13  13
13  13
11  13
13  13
13  13
13  13
11  13
13  13
13  13
13  13
13  13
13  13
13  13
13  13
13  13
11  13
11  13
13  13
13  13
13  13
13  13
11  13
13  13
11  13
13  13
13  13
11  13
11  13
13  13
13  13
13  13
13  13
11  13
13  13
13  13
11  13
13  13
13  13
11  13
13  13
13  13
13  13
13  13
13  13
13  13
13  13
13  13
13  13
11  13
11  13
13  13
11  13
11  13
13  13
13  13
11  13
13  13
11  13
13  13
13  13
13  13
13  13
13  13
11  13
13  13
11  13
17  13
13  13
13  13
13  13
11  13
11  13
13  13
13  13
13  13
17  13
11  13
11  13
13  13
13  13
13  13
13  13
13  13
13  13
13  13
13  13
11  13
11  13
13  13
13  13
13  13
11  13
13  13
2  13
13  13
13  13
13  13
13  13
9  13
13  13
13  13
13  13
13  13
13  13
13  13
2  13
13  13
13  13
14  14
14  14
14  14
5  14
14  14
14  14
14  14
14  14
14  14
14  14
14  14
14  14
14  14
14  14
14  14
14  14
14  14
14  14
5  14
14  14
14  14
14  14
14  14
14  14
14  14
14  14
14  14
14  14
14  14
14  14
14  14
5  14
14  14
14  14
5  14
14  14
5  14
14  14
14  14
14  14
14  14
14  14
14  14
14  14
14  14
14  14
14  14
14  14
14  14
9  14
14  14
14  14
14  14
14  14
14  14
14  14
14  14
5  14
14  14
14  14
14  14
14  14
14  14
14  14
14  14
14  14
14  14
14  14
14  14
14  14
14  14
14  14
14  14
14  14
14  14
14  14
14  14
5  14
14  14
14  14
14  14
5  14
14  14
14  14
14  14
14  14
14  14
14  14
14  14
14  14
14  14
14  14
14  14
14  14
14  14
14  14
14  14
14  14
14  14
14  14
14  14
14  14
14  14
15  15
15  15
15  15
15  15
15  15
14  15
15  15
15  15
15  15
15  15
2  15
15  15
15  15
15  15
15  15
15  15
15  15
5  15
15  15
15  15
15  15
15  15
15  15
14  15
15  15
15  15
15  15
15  15
15  15
0  15
15  15
2  15
15  15
15  15
14  15
15  15
15  15
15  15
15  15
15  15
15  15
15  15
15  15
15  15
15  15
15  15
15  15
15  15
15  15
0  15
15  15
15  15
15  15
15  15
15  15
15  15
14  15
15  15
15  15
15  15
15  15
15  15
15  15
15  15
15  15
15  15
15  15
15  15
15  15
15  15
15  15
15  15
14  15
15  15
2  15
0  15
15  15
15  15
14  15
15  15
15  15
15  15
15  15
0  15
15  15
0  15
15  15
15  15
0  15
15  15
15  15
15  15
15  15
15  15
15  15
14  15
15  15
15  15
15  15
15  15
15  15
16  16
16  16
16  16
16  16
16  16
16  16
16  16
16  16
16  16
16  16
16  16
16  16
16  16
16  16
16  16
16  16
16  16
16  16
16  16
16  16
16  16
16  16
16  16
16  16
16  16
16  16
16  16
16  16
16  16
16  16
16  16
16  16
16  16
16  16
16  16
16  16
16  16
16  16
16  16
16  16
16  16
16  16
16  16
16  16
16  16
16  16
16  16
16  16
16  16
16  16
16  16
16  16
16  16
16  16
16  16
16  16
16  16
16  16
16  16
16  16
16  16
16  16
16  16
16  16
16  16
16  16
16  16
16  16
16  16
16  16
16  16
16  16
16  16
16  16
16  16
16  16
16  16
2  16
16  16
16  16
16  16
16  16
16  16
16  16
16  16
16  16
16  16
16  16
16  16
16  16
16  16
16  16
16  16
16  16
16  16
16  16
16  16
16  16
16  16
16  16
17  17
17  17
17  17
17  17
17  17
17  17
17  17
17  17
17  17
17  17
17  17
17  17
17  17
17  17
17  17
17  17
17  17
17  17
17  17
17  17
17  17
17  17
17  17
17  17
17  17
17  17
17  17
17  17
17  17
17  17
17  17
17  17
17  17
17  17
17  17
17  17
17  17
17  17
17  17
17  17
17  17
17  17
17  17
17  17
17  17
17  17
17  17
17  17
17  17
17  17
17  17
17  17
17  17
17  17
17  17
17  17
17  17
17  17
17  17
17  17
17  17
17  17
17  17
17  17
17  17
17  17
17  17
17  17
17  17
17  17
17  17
17  17
17  17
17  17
17  17
17  17
17  17
17  17
17  17
17  17
17  17
17  17
17  17
17  17
17  17
17  17
17  17
17  17
17  17
17  17
17  17
17  17
17  17
17  17
17  17
17  17
17  17
17  17
17  17
17  17
