Predicted_Labels  True_Labels
0  0
0  0
7  0
7  0
0  0
7  0
0  0
0  0
0  0
0  0
0  0
0  0
0  0
0  0
0  0
0  0
0  0
0  0
0  0
0  0
0  0
0  0
0  0
0  0
0  0
0  0
0  0
0  0
0  0
0  0
0  0
0  0
0  0
8  0
0  0
0  0
0  0
0  0
0  0
7  0
0  0
0  0
0  0
0  0
0  0
0  0
0  0
8  0
0  0
0  0
0  0
0  0
0  0
8  0
0  0
0  0
0  0
0  0
0  0
0  0
0  0
0  0
0  0
0  0
7  0
0  0
0  0
0  0
0  0
0  0
0  0
7  0
7  0
0  0
0  0
0  0
0  0
0  0
0  0
0  0
0  0
0  0
0  0
0  0
0  0
0  0
0  0
0  0
0  0
0  0
0  0
0  0
0  0
0  0
0  0
0  0
0  0
0  0
0  0
0  0
1  1
1  1
1  1
1  1
1  1
1  1
1  1
1  1
1  1
1  1
1  1
1  1
1  1
1  1
1  1
1  1
1  1
1  1
1  1
1  1
1  1
1  1
1  1
1  1
1  1
1  1
1  1
1  1
1  1
8  1
1  1
1  1
1  1
1  1
1  1
1  1
1  1
1  1
1  1
1  1
1  1
1  1
1  1
1  1
1  1
15  1
1  1
1  1
1  1
1  1
1  1
1  1
1  1
3  1
1  1
1  1
1  1
1  1
1  1
1  1
1  1
1  1
1  1
3  1
1  1
1  1
1  1
1  1
8  1
1  1
1  1
1  1
1  1
1  1
1  1
1  1
1  1
3  1
1  1
8  1
1  1
1  1
1  1
1  1
1  1
1  1
3  1
8  1
3  1
1  1
3  1
3  1
1  1
1  1
3  1
1  1
1  1
1  1
1  1
1  1
1  1
1  1
1  1
1  1
8  1
2  2
2  2
2  2
2  2
2  2
2  2
2  2
2  2
2  2
2  2
13  2
2  2
2  2
13  2
2  2
2  2
8  2
8  2
2  2
2  2
8  2
2  2
0  2
8  2
2  2
2  2
2  2
2  2
2  2
2  2
2  2
2  2
14  2
14  2
14  2
5  2
2  2
2  2
2  2
5  2
5  2
2  2
2  2
2  2
2  2
2  2
2  2
5  2
2  2
8  2
2  2
2  2
2  2
2  2
2  2
2  2
2  2
2  2
0  2
2  2
2  2
7  2
2  2
2  2
2  2
2  2
2  2
2  2
2  2
2  2
2  2
2  2
9  2
2  2
2  2
2  2
2  2
7  2
2  2
2  2
2  2
2  2
2  2
2  2
2  2
2  2
2  2
2  2
9  2
9  2
8  2
2  2
2  2
2  2
2  2
2  2
2  2
2  2
2  2
2  2
2  2
2  2
2  2
2  2
2  2
2  2
2  2
2  2
2  2
2  2
2  2
9  2
2  2
2  2
2  2
2  2
2  2
2  2
2  2
2  2
2  2
2  2
2  2
2  2
2  2
2  2
2  2
2  2
2  2
2  2
2  2
3  3
3  3
1  3
3  3
3  3
1  3
1  3
3  3
3  3
3  3
1  3
3  3
3  3
3  3
3  3
3  3
1  3
3  3
1  3
1  3
3  3
3  3
3  3
3  3
3  3
1  3
3  3
3  3
3  3
3  3
3  3
3  3
1  3
3  3
3  3
3  3
3  3
1  3
3  3
3  3
3  3
3  3
3  3
3  3
3  3
3  3
8  3
3  3
3  3
3  3
3  3
8  3
3  3
3  3
3  3
3  3
3  3
3  3
3  3
3  3
3  3
3  3
3  3
3  3
3  3
8  3
3  3
3  3
3  3
3  3
3  3
3  3
3  3
3  3
3  3
3  3
3  3
3  3
3  3
8  3
8  3
3  3
3  3
3  3
8  3
3  3
3  3
8  3
3  3
3  3
3  3
1  3
3  3
1  3
3  3
3  3
3  3
3  3
3  3
3  3
4  4
4  4
4  4
4  4
9  4
9  4
4  4
4  4
4  4
4  4
4  4
4  4
7  4
4  4
4  4
4  4
4  4
4  4
4  4
4  4
4  4
4  4
4  4
5  4
5  4
4  4
5  4
5  4
4  4
4  4
7  4
4  4
4  4
4  4
4  4
4  4
5  4
4  4
4  4
4  4
4  4
4  4
4  4
4  4
4  4
4  4
4  4
4  4
4  4
5  4
6  4
9  4
4  4
4  4
14  4
4  4
4  4
4  4
4  4
4  4
4  4
4  4
4  4
4  4
6  4
4  4
4  4
9  4
4  4
4  4
5  4
4  4
4  4
4  4
4  4
6  4
4  4
4  4
4  4
9  4
4  4
4  4
4  4
4  4
4  4
4  4
4  4
4  4
4  4
4  4
4  4
4  4
9  4
9  4
9  4
4  4
4  4
6  4
4  4
4  4
5  5
9  5
5  5
5  5
5  5
5  5
5  5
5  5
5  5
4  5
5  5
7  5
6  5
5  5
9  5
9  5
9  5
9  5
7  5
7  5
5  5
5  5
4  5
6  5
6  5
6  5
5  5
5  5
7  5
6  5
7  5
5  5
5  5
5  5
5  5
9  5
5  5
9  5
5  5
5  5
5  5
5  5
5  5
14  5
5  5
6  5
5  5
5  5
9  5
9  5
5  5
6  5
5  5
5  5
5  5
9  5
5  5
5  5
5  5
5  5
9  5
5  5
5  5
5  5
5  5
5  5
5  5
5  5
5  5
5  5
14  5
5  5
5  5
5  5
5  5
5  5
5  5
5  5
5  5
9  5
0  5
7  5
5  5
2  5
9  5
5  5
5  5
5  5
9  5
5  5
9  5
5  5
7  5
0  5
5  5
5  5
5  5
5  5
9  5
9  5
6  6
6  6
6  6
6  6
6  6
6  6
6  6
6  6
6  6
6  6
6  6
6  6
6  6
6  6
6  6
6  6
6  6
5  6
6  6
6  6
6  6
6  6
6  6
6  6
6  6
6  6
6  6
6  6
6  6
6  6
6  6
6  6
6  6
6  6
6  6
6  6
6  6
5  6
6  6
6  6
6  6
6  6
6  6
6  6
6  6
6  6
6  6
6  6
6  6
6  6
6  6
6  6
6  6
6  6
6  6
6  6
6  6
6  6
6  6
6  6
6  6
6  6
6  6
6  6
6  6
6  6
6  6
6  6
6  6
6  6
6  6
6  6
6  6
6  6
6  6
6  6
6  6
6  6
6  6
6  6
6  6
9  6
6  6
6  6
6  6
6  6
6  6
6  6
6  6
6  6
6  6
6  6
6  6
6  6
6  6
6  6
6  6
6  6
6  6
6  6
6  6
7  7
7  7
7  7
8  7
7  7
7  7
7  7
7  7
7  7
0  7
7  7
6  7
4  7
7  7
7  7
7  7
7  7
6  7
7  7
9  7
7  7
6  7
7  7
7  7
7  7
7  7
6  7
7  7
7  7
7  7
7  7
7  7
7  7
7  7
7  7
7  7
7  7
7  7
7  7
7  7
7  7
7  7
7  7
7  7
7  7
7  7
7  7
7  7
7  7
7  7
7  7
7  7
7  7
7  7
7  7
7  7
7  7
7  7
7  7
7  7
7  7
7  7
7  7
0  7
7  7
7  7
7  7
7  7
7  7
7  7
7  7
7  7
7  7
7  7
7  7
7  7
7  7
7  7
7  7
7  7
7  7
7  7
7  7
7  7
7  7
7  7
7  7
7  7
7  7
7  7
7  7
7  7
7  7
0  7
7  7
7  7
7  7
7  7
7  7
7  7
7  7
7  7
7  7
7  7
7  7
7  7
7  7
7  7
7  7
7  7
7  7
7  7
7  7
7  7
9  7
7  7
0  7
7  7
7  7
7  7
7  7
7  7
7  7
7  7
7  7
7  7
7  7
7  7
7  7
7  7
7  7
7  7
7  7
7  7
7  7
7  7
7  7
7  7
7  7
7  7
7  7
7  7
7  7
7  7
7  7
7  7
7  7
7  7
7  7
7  7
8  8
8  8
8  8
8  8
8  8
8  8
8  8
8  8
8  8
8  8
8  8
8  8
8  8
8  8
8  8
8  8
8  8
8  8
8  8
8  8
8  8
8  8
8  8
8  8
8  8
8  8
8  8
8  8
8  8
8  8
8  8
8  8
8  8
8  8
8  8
8  8
8  8
8  8
8  8
8  8
8  8
8  8
8  8
8  8
8  8
8  8
8  8
8  8
8  8
8  8
8  8
8  8
8  8
8  8
8  8
8  8
8  8
8  8
8  8
8  8
8  8
8  8
8  8
8  8
8  8
8  8
8  8
8  8
8  8
8  8
8  8
8  8
8  8
8  8
8  8
8  8
8  8
8  8
8  8
8  8
8  8
8  8
8  8
8  8
8  8
8  8
8  8
8  8
8  8
8  8
8  8
8  8
8  8
8  8
8  8
8  8
8  8
8  8
8  8
8  8
8  8
0  8
8  8
8  8
8  8
8  8
8  8
8  8
8  8
8  8
8  8
8  8
8  8
8  8
8  8
8  8
8  8
8  8
8  8
8  8
8  8
8  8
8  8
8  8
8  8
8  8
8  8
8  8
8  8
8  8
8  8
8  8
8  8
8  8
8  8
8  8
8  8
8  8
8  8
8  8
8  8
8  8
8  8
8  8
8  8
8  8
8  8
8  8
8  8
8  8
8  8
8  8
8  8
8  8
8  8
8  8
8  8
8  8
8  8
8  8
8  8
8  8
8  8
8  8
8  8
8  8
8  8
8  8
8  8
8  8
8  8
8  8
8  8
8  8
8  8
8  8
8  8
8  8
8  8
8  8
8  8
8  8
8  8
8  8
8  8
8  8
8  8
8  8
8  8
8  8
8  8
8  8
8  8
8  8
8  8
8  8
8  8
8  8
8  8
8  8
8  8
8  8
8  8
8  8
8  8
8  8
8  8
8  8
8  8
8  8
8  8
8  8
8  8
8  8
8  8
8  8
8  8
8  8
8  8
8  8
8  8
8  8
8  8
8  8
8  8
8  8
8  8
8  8
8  8
8  8
8  8
8  8
8  8
8  8
8  8
8  8
8  8
8  8
8  8
8  8
8  8
8  8
8  8
8  8
8  8
8  8
8  8
8  8
8  8
8  8
8  8
8  8
8  8
8  8
8  8
8  8
8  8
8  8
3  8
8  8
8  8
8  8
8  8
8  8
8  8
8  8
8  8
8  8
8  8
8  8
8  8
8  8
8  8
8  8
8  8
8  8
8  8
8  8
8  8
8  8
8  8
8  8
8  8
8  8
8  8
8  8
8  8
8  8
8  8
8  8
8  8
8  8
8  8
8  8
8  8
8  8
8  8
8  8
8  8
8  8
8  8
8  8
8  8
8  8
8  8
8  8
8  8
8  8
8  8
8  8
8  8
8  8
8  8
8  8
8  8
8  8
8  8
8  8
8  8
8  8
8  8
8  8
8  8
8  8
8  8
8  8
8  8
8  8
8  8
8  8
8  8
8  8
8  8
8  8
8  8
8  8
8  8
8  8
9  9
9  9
9  9
9  9
9  9
9  9
9  9
9  9
9  9
9  9
9  9
9  9
9  9
9  9
9  9
9  9
9  9
9  9
9  9
6  9
9  9
9  9
9  9
9  9
9  9
9  9
9  9
9  9
9  9
9  9
9  9
9  9
9  9
9  9
8  9
9  9
9  9
9  9
9  9
9  9
4  9
9  9
9  9
9  9
9  9
9  9
9  9
9  9
9  9
9  9
9  9
9  9
9  9
9  9
9  9
9  9
7  9
9  9
9  9
9  9
9  9
9  9
9  9
0  9
17  9
9  9
9  9
9  9
2  9
13  9
9  9
9  9
9  9
9  9
9  9
9  9
9  9
9  9
9  9
9  9
9  9
9  9
9  9
9  9
9  9
9  9
9  9
2  9
9  9
9  9
9  9
9  9
11  9
9  9
17  9
9  9
9  9
9  9
9  9
17  9
10  10
10  10
10  10
2  10
2  10
10  10
7  10
10  10
10  10
10  10
10  10
10  10
10  10
10  10
10  10
10  10
10  10
10  10
10  10
10  10
10  10
10  10
10  10
10  10
10  10
10  10
10  10
10  10
10  10
10  10
10  10
10  10
10  10
2  10
10  10
10  10
10  10
10  10
13  10
10  10
10  10
10  10
16  10
10  10
10  10
10  10
10  10
10  10
10  10
10  10
13  10
10  10
10  10
10  10
10  10
10  10
10  10
10  10
10  10
10  10
10  10
17  10
13  10
17  10
10  10
10  10
10  10
10  10
10  10
10  10
10  10
10  10
11  10
10  10
7  10
10  10
10  10
10  10
10  10
10  10
10  10
10  10
10  10
10  10
10  10
10  10
10  10
10  10
10  10
10  10
10  10
10  10
10  10
10  10
10  10
7  10
10  10
7  10
10  10
10  10
11  11
11  11
2  11
2  11
11  11
11  11
2  11
2  11
2  11
11  11
11  11
11  11
11  11
11  11
2  11
2  11
11  11
11  11
11  11
11  11
2  11
2  11
11  11
11  11
11  11
11  11
11  11
11  11
17  11
11  11
11  11
11  11
11  11
11  11
11  11
17  11
11  11
11  11
11  11
11  11
11  11
11  11
11  11
11  11
11  11
11  11
11  11
11  11
11  11
11  11
11  11
11  11
11  11
11  11
11  11
2  11
13  11
13  11
11  11
16  11
2  11
11  11
11  11
11  11
11  11
2  11
13  11
2  11
2  11
11  11
11  11
11  11
17  11
17  11
11  11
11  11
11  11
11  11
11  11
11  11
11  11
11  11
7  11
11  11
16  11
7  11
11  11
11  11
11  11
11  11
11  11
11  11
11  11
11  11
11  11
11  11
11  11
11  11
2  11
11  11
12  12
12  12
12  12
12  12
12  12
12  12
12  12
12  12
12  12
12  12
12  12
12  12
12  12
12  12
12  12
12  12
12  12
12  12
12  12
12  12
12  12
12  12
12  12
12  12
12  12
8  12
12  12
12  12
12  12
12  12
12  12
12  12
12  12
12  12
12  12
12  12
12  12
12  12
12  12
12  12
12  12
12  12
12  12
12  12
12  12
12  12
12  12
12  12
12  12
12  12
12  12
12  12
12  12
12  12
12  12
12  12
12  12
12  12
12  12
12  12
8  12
12  12
12  12
12  12
12  12
12  12
12  12
12  12
12  12
12  12
12  12
12  12
12  12
12  12
12  12
8  12
8  12
8  12
8  12
8  12
8  12
8  12
8  12
8  12
8  12
8  12
8  12
8  12
8  12
8  12
12  12
12  12
8  12
12  12
8  12
8  12
8  12
8  12
8  12
8  12
8  12
8  12
8  12
13  13
11  13
7  13
16  13
13  13
11  13
17  13
13  13
2  13
11  13
16  13
13  13
13  13
13  13
16  13
13  13
17  13
2  13
11  13
17  13
13  13
11  13
11  13
17  13
16  13
16  13
11  13
11  13
11  13
11  13
11  13
7  13
11  13
13  13
11  13
11  13
13  13
13  13
11  13
11  13
2  13
11  13
10  13
17  13
13  13
2  13
13  13
11  13
11  13
11  13
13  13
11  13
11  13
2  13
11  13
11  13
11  13
11  13
13  13
13  13
11  13
13  13
17  13
11  13
11  13
17  13
17  13
16  13
11  13
13  13
11  13
11  13
11  13
11  13
17  13
11  13
11  13
11  13
13  13
17  13
13  13
13  13
17  13
2  13
13  13
11  13
11  13
11  13
11  13
11  13
11  13
11  13
10  13
0  13
13  13
13  13
17  13
2  13
17  13
13  13
13  13
13  13
11  13
13  13
11  13
0  13
13  13
11  13
14  14
14  14
14  14
9  14
14  14
9  14
14  14
14  14
14  14
14  14
14  14
14  14
14  14
14  14
14  14
14  14
14  14
14  14
14  14
14  14
14  14
9  14
14  14
14  14
14  14
14  14
14  14
9  14
14  14
14  14
14  14
14  14
14  14
14  14
5  14
14  14
9  14
14  14
14  14
14  14
14  14
14  14
14  14
2  14
14  14
14  14
2  14
14  14
14  14
9  14
14  14
15  14
14  14
14  14
15  14
14  14
14  14
9  14
4  14
14  14
9  14
14  14
14  14
14  14
14  14
14  14
9  14
14  14
14  14
14  14
14  14
15  14
14  14
14  14
14  14
14  14
14  14
14  14
15  14
9  14
14  14
6  14
2  14
12  14
14  14
14  14
14  14
6  14
9  14
14  14
14  14
14  14
14  14
14  14
14  14
14  14
14  14
14  14
14  14
14  14
9  14
14  14
14  14
15  15
15  15
8  15
15  15
15  15
15  15
0  15
15  15
15  15
14  15
15  15
15  15
15  15
15  15
8  15
14  15
15  15
4  15
15  15
15  15
15  15
15  15
15  15
9  15
15  15
15  15
15  15
15  15
15  15
9  15
4  15
2  15
15  15
15  15
14  15
15  15
15  15
15  15
15  15
15  15
15  15
15  15
15  15
15  15
15  15
15  15
15  15
15  15
15  15
0  15
15  15
15  15
15  15
15  15
15  15
2  15
14  15
15  15
15  15
15  15
15  15
15  15
15  15
15  15
15  15
15  15
15  15
15  15
15  15
15  15
15  15
15  15
15  15
15  15
2  15
0  15
15  15
15  15
9  15
15  15
15  15
15  15
15  15
15  15
15  15
0  15
15  15
8  15
9  15
15  15
15  15
15  15
15  15
15  15
0  15
0  15
15  15
15  15
15  15
15  15
15  15
16  16
16  16
16  16
16  16
16  16
16  16
16  16
16  16
16  16
16  16
16  16
16  16
16  16
16  16
16  16
16  16
16  16
16  16
16  16
16  16
16  16
16  16
16  16
16  16
16  16
16  16
16  16
16  16
16  16
16  16
16  16
16  16
16  16
16  16
16  16
16  16
16  16
16  16
16  16
16  16
16  16
16  16
16  16
16  16
16  16
16  16
16  16
16  16
16  16
16  16
16  16
16  16
16  16
16  16
16  16
16  16
16  16
16  16
16  16
16  16
16  16
16  16
16  16
16  16
16  16
16  16
16  16
16  16
16  16
16  16
16  16
16  16
16  16
16  16
16  16
2  16
16  16
2  16
16  16
16  16
16  16
16  16
16  16
16  16
16  16
16  16
16  16
16  16
16  16
16  16
16  16
16  16
16  16
16  16
16  16
16  16
16  16
16  16
16  16
16  16
17  17
17  17
17  17
17  17
17  17
17  17
17  17
17  17
17  17
17  17
17  17
17  17
17  17
17  17
17  17
17  17
17  17
17  17
17  17
17  17
17  17
17  17
17  17
17  17
17  17
17  17
17  17
17  17
17  17
17  17
17  17
17  17
17  17
17  17
17  17
17  17
17  17
17  17
17  17
17  17
17  17
17  17
17  17
17  17
2  17
17  17
17  17
17  17
17  17
17  17
17  17
17  17
17  17
17  17
17  17
17  17
17  17
17  17
17  17
17  17
17  17
17  17
17  17
17  17
17  17
17  17
17  17
17  17
17  17
13  17
17  17
17  17
17  17
17  17
17  17
17  17
17  17
17  17
17  17
17  17
17  17
17  17
17  17
17  17
17  17
17  17
17  17
17  17
17  17
17  17
17  17
9  17
17  17
17  17
17  17
17  17
17  17
17  17
17  17
17  17
