1.3312  82.5427  74.9533
0.4678  91.4611  81.4486
0.3147  93.5484  84.4860
0.2265  90.3226  83.7383
0.1678  96.7109  87.3364
0.1326  97.5332  85.1869
0.1217  95.4459  84.2056
0.0976  98.6717  87.7570
0.0814  99.1145  88.1776
0.0680  99.4307  88.1776
0.0197  99.8735  88.4579
0.0172  99.8102  88.4579
0.0131  99.7470  88.7383
0.0132  100.0000  88.9252
0.0105  99.7470  88.9252
0.0102  99.8735  88.7850
0.0093  99.8735  88.9252
0.0099  99.9367  89.0654
0.0089  99.9367  89.0187
0.0068  100.0000  88.7850
0.0084  100.0000  88.7850
0.0073  100.0000  88.8318
0.0082  100.0000  88.8318
0.0082  100.0000  88.8318
0.0075  100.0000  88.8318
0.0066  99.9367  88.8318
0.0088  99.9367  88.8785
0.0069  99.9367  88.8785
0.0085  100.0000  88.8785
0.0093  100.0000  88.8318
