Predicted_Labels  True_Labels
0  0
0  0
0  0
0  0
0  0
0  0
0  0
0  0
0  0
0  0
0  0
13  0
0  0
0  0
0  0
0  0
0  0
0  0
0  0
0  0
0  0
0  0
0  0
0  0
0  0
0  0
0  0
0  0
0  0
0  0
0  0
0  0
0  0
0  0
0  0
0  0
0  0
0  0
0  0
0  0
0  0
0  0
0  0
0  0
8  0
0  0
0  0
0  0
0  0
0  0
0  0
0  0
0  0
0  0
0  0
0  0
0  0
0  0
0  0
0  0
0  0
0  0
0  0
0  0
0  0
0  0
0  0
0  0
0  0
0  0
0  0
0  0
0  0
0  0
7  0
0  0
0  0
0  0
0  0
0  0
0  0
0  0
0  0
0  0
0  0
10  0
0  0
0  0
0  0
0  0
0  0
0  0
0  0
0  0
0  0
0  0
0  0
0  0
0  0
0  0
1  1
1  1
1  1
1  1
1  1
1  1
1  1
3  1
1  1
1  1
1  1
1  1
1  1
12  1
1  1
1  1
1  1
1  1
1  1
1  1
8  1
9  1
1  1
1  1
1  1
1  1
1  1
1  1
1  1
3  1
1  1
12  1
1  1
1  1
1  1
1  1
3  1
3  1
12  1
1  1
1  1
1  1
1  1
1  1
1  1
12  1
1  1
1  1
1  1
1  1
1  1
1  1
1  1
3  1
1  1
1  1
2  1
1  1
1  1
1  1
1  1
3  1
1  1
3  1
3  1
1  1
1  1
1  1
12  1
1  1
1  1
1  1
1  1
1  1
3  1
1  1
1  1
3  1
1  1
8  1
3  1
1  1
3  1
1  1
3  1
1  1
3  1
12  1
3  1
3  1
3  1
3  1
3  1
12  1
3  1
1  1
1  1
1  1
1  1
1  1
1  1
1  1
1  1
12  1
2  1
10  2
2  2
2  2
2  2
13  2
2  2
2  2
2  2
2  2
13  2
13  2
13  2
13  2
13  2
13  2
13  2
12  2
12  2
12  2
12  2
12  2
10  2
12  2
12  2
16  2
2  2
2  2
2  2
2  2
2  2
2  2
2  2
2  2
2  2
2  2
2  2
2  2
2  2
2  2
2  2
2  2
2  2
2  2
2  2
2  2
2  2
2  2
9  2
2  2
2  2
2  2
2  2
2  2
2  2
2  2
10  2
2  2
2  2
7  2
2  2
12  2
10  2
2  2
2  2
2  2
2  2
2  2
16  2
2  2
8  2
2  2
16  2
9  2
2  2
2  2
2  2
10  2
7  2
2  2
2  2
2  2
13  2
13  2
13  2
9  2
13  2
10  2
2  2
2  2
2  2
10  2
2  2
2  2
2  2
2  2
2  2
2  2
2  2
2  2
2  2
2  2
2  2
2  2
2  2
2  2
2  2
2  2
2  2
2  2
2  2
2  2
2  2
2  2
2  2
2  2
2  2
2  2
2  2
16  2
2  2
2  2
2  2
2  2
2  2
2  2
2  2
16  2
2  2
2  2
2  2
2  2
3  3
3  3
3  3
3  3
3  3
3  3
3  3
3  3
3  3
3  3
1  3
3  3
3  3
3  3
3  3
3  3
3  3
3  3
3  3
3  3
3  3
3  3
3  3
3  3
3  3
1  3
3  3
3  3
3  3
3  3
3  3
3  3
3  3
3  3
3  3
3  3
3  3
1  3
3  3
3  3
3  3
3  3
3  3
3  3
3  3
3  3
3  3
3  3
3  3
3  3
3  3
3  3
3  3
3  3
3  3
3  3
3  3
3  3
3  3
3  3
3  3
3  3
3  3
3  3
3  3
3  3
3  3
3  3
3  3
3  3
3  3
3  3
3  3
3  3
3  3
3  3
3  3
3  3
3  3
3  3
3  3
3  3
3  3
3  3
3  3
3  3
3  3
3  3
3  3
3  3
3  3
3  3
3  3
3  3
3  3
3  3
3  3
3  3
3  3
3  3
4  4
9  4
9  4
5  4
9  4
9  4
4  4
4  4
4  4
5  4
4  4
4  4
9  4
4  4
9  4
5  4
9  4
9  4
0  4
9  4
9  4
9  4
4  4
5  4
5  4
4  4
5  4
5  4
5  4
9  4
9  4
4  4
5  4
5  4
4  4
4  4
5  4
9  4
9  4
9  4
4  4
9  4
9  4
9  4
4  4
9  4
4  4
4  4
9  4
9  4
9  4
9  4
5  4
5  4
4  4
4  4
5  4
4  4
4  4
4  4
9  4
4  4
9  4
4  4
9  4
4  4
4  4
4  4
4  4
9  4
9  4
4  4
4  4
4  4
9  4
9  4
5  4
5  4
5  4
5  4
4  4
9  4
4  4
9  4
9  4
9  4
5  4
9  4
4  4
4  4
9  4
9  4
9  4
9  4
5  4
4  4
9  4
9  4
4  4
4  4
5  5
5  5
5  5
5  5
5  5
9  5
5  5
5  5
9  5
4  5
9  5
9  5
5  5
9  5
5  5
9  5
5  5
5  5
5  5
5  5
9  5
9  5
5  5
9  5
5  5
9  5
5  5
5  5
7  5
9  5
7  5
9  5
5  5
9  5
0  5
5  5
5  5
2  5
4  5
5  5
9  5
4  5
6  5
9  5
5  5
9  5
4  5
5  5
5  5
5  5
5  5
5  5
5  5
5  5
9  5
5  5
5  5
5  5
5  5
4  5
5  5
5  5
5  5
7  5
9  5
4  5
4  5
5  5
5  5
14  5
9  5
5  5
9  5
4  5
5  5
5  5
9  5
5  5
9  5
9  5
0  5
2  5
5  5
2  5
9  5
4  5
9  5
5  5
5  5
5  5
5  5
0  5
5  5
10  5
9  5
4  5
5  5
5  5
9  5
9  5
6  6
6  6
6  6
6  6
6  6
6  6
6  6
6  6
6  6
6  6
6  6
6  6
6  6
6  6
6  6
6  6
6  6
9  6
6  6
6  6
6  6
6  6
6  6
6  6
6  6
6  6
6  6
8  6
7  6
6  6
6  6
6  6
6  6
6  6
6  6
7  6
6  6
7  6
6  6
6  6
6  6
6  6
6  6
8  6
6  6
6  6
6  6
6  6
6  6
6  6
6  6
6  6
6  6
6  6
5  6
6  6
6  6
5  6
6  6
6  6
6  6
6  6
8  6
6  6
6  6
6  6
6  6
6  6
6  6
6  6
6  6
8  6
6  6
6  6
6  6
6  6
6  6
5  6
6  6
8  6
9  6
6  6
6  6
6  6
6  6
6  6
5  6
6  6
6  6
6  6
6  6
6  6
6  6
5  6
7  6
8  6
5  6
6  6
6  6
6  6
6  6
7  7
7  7
7  7
7  7
7  7
7  7
7  7
7  7
7  7
7  7
7  7
7  7
7  7
8  7
7  7
7  7
7  7
9  7
7  7
7  7
7  7
7  7
7  7
8  7
7  7
7  7
5  7
7  7
7  7
7  7
7  7
7  7
7  7
7  7
6  7
7  7
7  7
7  7
7  7
7  7
7  7
7  7
7  7
7  7
7  7
7  7
7  7
7  7
7  7
7  7
7  7
7  7
7  7
7  7
7  7
7  7
7  7
7  7
7  7
7  7
7  7
7  7
7  7
10  7
10  7
7  7
7  7
7  7
7  7
7  7
7  7
7  7
7  7
10  7
7  7
7  7
7  7
7  7
7  7
7  7
7  7
7  7
7  7
7  7
7  7
7  7
7  7
7  7
8  7
7  7
7  7
7  7
7  7
7  7
7  7
7  7
7  7
7  7
7  7
7  7
7  7
7  7
7  7
7  7
7  7
7  7
7  7
7  7
7  7
7  7
7  7
7  7
7  7
7  7
8  7
7  7
10  7
2  7
10  7
7  7
7  7
7  7
7  7
7  7
7  7
7  7
7  7
7  7
7  7
7  7
7  7
7  7
7  7
7  7
7  7
0  7
7  7
7  7
7  7
7  7
7  7
7  7
10  7
7  7
7  7
7  7
7  7
7  7
8  7
7  7
8  8
8  8
8  8
8  8
8  8
8  8
8  8
8  8
8  8
8  8
8  8
8  8
8  8
8  8
8  8
8  8
7  8
8  8
8  8
8  8
8  8
8  8
8  8
8  8
8  8
8  8
8  8
8  8
8  8
8  8
8  8
8  8
8  8
8  8
8  8
8  8
8  8
8  8
16  8
8  8
8  8
8  8
8  8
8  8
8  8
8  8
8  8
8  8
8  8
8  8
8  8
8  8
8  8
16  8
8  8
8  8
8  8
8  8
8  8
8  8
8  8
8  8
8  8
8  8
8  8
8  8
8  8
8  8
8  8
7  8
8  8
8  8
8  8
8  8
8  8
8  8
8  8
8  8
8  8
8  8
8  8
8  8
8  8
8  8
7  8
8  8
8  8
8  8
8  8
10  8
10  8
8  8
8  8
8  8
8  8
10  8
8  8
8  8
8  8
8  8
8  8
7  8
8  8
8  8
8  8
8  8
8  8
8  8
8  8
8  8
8  8
8  8
8  8
8  8
8  8
8  8
8  8
8  8
8  8
8  8
8  8
8  8
8  8
8  8
8  8
8  8
0  8
8  8
8  8
8  8
8  8
8  8
8  8
8  8
8  8
8  8
8  8
7  8
8  8
8  8
0  8
8  8
7  8
8  8
8  8
8  8
8  8
8  8
8  8
0  8
8  8
8  8
0  8
0  8
8  8
8  8
8  8
8  8
8  8
8  8
8  8
8  8
8  8
8  8
8  8
8  8
8  8
8  8
7  8
8  8
8  8
8  8
8  8
8  8
8  8
8  8
8  8
12  8
8  8
12  8
8  8
8  8
8  8
8  8
8  8
8  8
12  8
12  8
8  8
12  8
12  8
8  8
8  8
8  8
12  8
8  8
8  8
8  8
7  8
8  8
8  8
12  8
8  8
8  8
8  8
8  8
10  8
8  8
8  8
12  8
8  8
12  8
3  8
8  8
12  8
8  8
8  8
3  8
3  8
3  8
3  8
3  8
8  8
3  8
3  8
3  8
3  8
3  8
8  8
3  8
3  8
3  8
3  8
3  8
3  8
8  8
8  8
8  8
3  8
3  8
3  8
3  8
8  8
8  8
8  8
3  8
3  8
3  8
3  8
3  8
8  8
3  8
3  8
3  8
3  8
8  8
3  8
3  8
3  8
3  8
3  8
3  8
3  8
3  8
8  8
8  8
3  8
3  8
3  8
3  8
3  8
8  8
8  8
8  8
8  8
8  8
8  8
8  8
8  8
8  8
8  8
8  8
8  8
8  8
8  8
8  8
8  8
8  8
8  8
8  8
8  8
8  8
8  8
8  8
9  8
8  8
8  8
8  8
8  8
8  8
8  8
8  8
8  8
8  8
8  8
8  8
8  8
8  8
8  8
9  8
8  8
8  8
8  8
8  8
8  8
8  8
8  8
8  8
8  8
8  8
8  8
8  8
8  8
8  8
8  8
8  8
8  8
8  8
8  8
9  8
8  8
1  8
8  8
8  8
8  8
8  8
8  8
8  8
9  9
9  9
6  9
9  9
9  9
9  9
9  9
4  9
9  9
9  9
9  9
9  9
4  9
5  9
9  9
9  9
9  9
9  9
9  9
9  9
9  9
9  9
9  9
2  9
9  9
9  9
9  9
9  9
9  9
4  9
9  9
9  9
9  9
9  9
9  9
9  9
9  9
9  9
4  9
9  9
9  9
9  9
9  9
9  9
9  9
9  9
9  9
9  9
9  9
9  9
2  9
10  9
9  9
2  9
9  9
9  9
17  9
9  9
9  9
9  9
9  9
9  9
9  9
9  9
11  9
11  9
11  9
11  9
13  9
10  9
11  9
11  9
9  9
2  9
17  9
9  9
9  9
17  9
11  9
17  9
17  9
2  9
17  9
9  9
2  9
17  9
11  9
11  9
11  9
11  9
11  9
13  9
2  9
2  9
13  9
17  9
11  9
11  9
11  9
17  9
10  10
10  10
10  10
10  10
12  10
10  10
10  10
10  10
10  10
10  10
10  10
10  10
10  10
10  10
10  10
10  10
10  10
10  10
10  10
10  10
10  10
10  10
10  10
10  10
10  10
16  10
13  10
10  10
10  10
10  10
10  10
10  10
10  10
13  10
10  10
13  10
10  10
10  10
13  10
10  10
10  10
10  10
10  10
10  10
10  10
10  10
2  10
10  10
10  10
10  10
13  10
10  10
10  10
10  10
10  10
10  10
10  10
10  10
10  10
13  10
10  10
10  10
13  10
11  10
10  10
10  10
10  10
10  10
10  10
10  10
10  10
10  10
11  10
10  10
10  10
10  10
10  10
10  10
10  10
10  10
10  10
10  10
16  10
10  10
10  10
10  10
10  10
10  10
10  10
10  10
10  10
10  10
10  10
11  10
10  10
10  10
10  10
10  10
10  10
10  10
11  11
11  11
11  11
11  11
11  11
11  11
11  11
13  11
11  11
11  11
11  11
11  11
11  11
11  11
11  11
11  11
11  11
11  11
11  11
11  11
11  11
11  11
11  11
11  11
11  11
11  11
11  11
11  11
11  11
11  11
11  11
11  11
11  11
11  11
11  11
11  11
11  11
11  11
11  11
11  11
11  11
11  11
11  11
11  11
11  11
11  11
11  11
11  11
13  11
11  11
11  11
11  11
11  11
11  11
11  11
11  11
11  11
11  11
11  11
10  11
13  11
11  11
11  11
13  11
11  11
13  11
11  11
11  11
11  11
11  11
11  11
11  11
11  11
11  11
11  11
11  11
11  11
11  11
11  11
11  11
11  11
11  11
10  11
11  11
16  11
16  11
11  11
11  11
11  11
10  11
13  11
11  11
11  11
11  11
11  11
11  11
11  11
11  11
11  11
11  11
12  12
12  12
12  12
12  12
12  12
12  12
12  12
12  12
12  12
12  12
12  12
12  12
12  12
12  12
12  12
12  12
12  12
12  12
12  12
12  12
12  12
12  12
12  12
12  12
12  12
12  12
12  12
12  12
12  12
12  12
12  12
12  12
12  12
12  12
12  12
12  12
12  12
12  12
12  12
12  12
12  12
12  12
12  12
12  12
12  12
12  12
12  12
12  12
12  12
12  12
12  12
12  12
12  12
12  12
12  12
12  12
12  12
12  12
12  12
12  12
12  12
12  12
12  12
12  12
12  12
12  12
12  12
12  12
12  12
12  12
12  12
12  12
12  12
12  12
12  12
8  12
8  12
3  12
3  12
8  12
3  12
12  12
8  12
8  12
8  12
8  12
8  12
8  12
8  12
8  12
12  12
8  12
3  12
12  12
3  12
3  12
3  12
3  12
3  12
12  12
12  12
8  12
8  12
10  13
11  13
10  13
10  13
13  13
10  13
13  13
13  13
11  13
10  13
10  13
11  13
11  13
13  13
10  13
13  13
13  13
11  13
13  13
13  13
13  13
11  13
11  13
11  13
10  13
10  13
11  13
10  13
10  13
11  13
10  13
10  13
11  13
13  13
11  13
11  13
13  13
10  13
11  13
13  13
13  13
11  13
10  13
11  13
13  13
11  13
11  13
11  13
11  13
11  13
11  13
11  13
13  13
13  13
11  13
11  13
11  13
11  13
13  13
11  13
11  13
13  13
11  13
11  13
11  13
13  13
2  13
11  13
11  13
13  13
11  13
11  13
11  13
11  13
13  13
11  13
11  13
11  13
11  13
11  13
13  13
13  13
13  13
13  13
11  13
13  13
11  13
13  13
11  13
10  13
11  13
11  13
10  13
7  13
13  13
13  13
13  13
13  13
17  13
13  13
11  13
13  13
13  13
11  13
11  13
10  13
13  13
13  13
14  14
14  14
14  14
9  14
14  14
14  14
14  14
14  14
14  14
14  14
14  14
12  14
14  14
14  14
14  14
14  14
14  14
14  14
9  14
14  14
14  14
9  14
14  14
14  14
14  14
14  14
14  14
14  14
14  14
14  14
14  14
2  14
14  14
14  14
14  14
14  14
9  14
2  14
14  14
14  14
14  14
14  14
2  14
12  14
14  14
2  14
12  14
14  14
14  14
9  14
14  14
15  14
14  14
14  14
15  14
14  14
14  14
9  14
14  14
14  14
14  14
14  14
14  14
14  14
14  14
14  14
14  14
2  14
14  14
14  14
14  14
15  14
14  14
14  14
14  14
15  14
14  14
14  14
15  14
15  14
14  14
9  14
2  14
15  14
14  14
14  14
14  14
9  14
14  14
14  14
14  14
14  14
14  14
15  14
14  14
14  14
14  14
14  14
14  14
14  14
14  14
14  14
14  14
14  15
14  15
14  15
15  15
14  15
14  15
9  15
15  15
15  15
14  15
2  15
15  15
15  15
15  15
15  15
14  15
15  15
5  15
15  15
14  15
15  15
15  15
15  15
9  15
15  15
15  15
15  15
15  15
15  15
9  15
14  15
2  15
14  15
14  15
14  15
15  15
2  15
15  15
15  15
15  15
15  15
15  15
15  15
15  15
15  15
15  15
15  15
15  15
15  15
0  15
15  15
15  15
15  15
15  15
2  15
2  15
15  15
15  15
15  15
15  15
15  15
15  15
15  15
15  15
15  15
15  15
15  15
15  15
15  15
15  15
15  15
15  15
0  15
15  15
2  15
13  15
15  15
15  15
2  15
2  15
15  15
15  15
15  15
2  15
15  15
0  15
15  15
2  15
15  15
15  15
15  15
15  15
14  15
15  15
15  15
14  15
15  15
15  15
15  15
15  15
15  15
16  16
16  16
16  16
16  16
16  16
16  16
16  16
16  16
16  16
16  16
16  16
16  16
16  16
16  16
16  16
16  16
16  16
16  16
16  16
16  16
16  16
16  16
16  16
16  16
16  16
16  16
16  16
16  16
16  16
16  16
16  16
16  16
16  16
16  16
16  16
16  16
16  16
16  16
16  16
16  16
16  16
16  16
16  16
16  16
16  16
16  16
16  16
16  16
16  16
16  16
16  16
16  16
16  16
16  16
16  16
10  16
16  16
16  16
16  16
16  16
16  16
16  16
16  16
16  16
16  16
16  16
10  16
16  16
16  16
16  16
16  16
16  16
16  16
16  16
16  16
16  16
16  16
16  16
16  16
16  16
16  16
16  16
16  16
16  16
16  16
16  16
16  16
16  16
16  16
16  16
16  16
16  16
16  16
16  16
16  16
16  16
16  16
16  16
16  16
16  16
17  17
17  17
13  17
11  17
17  17
17  17
17  17
11  17
11  17
17  17
17  17
17  17
17  17
17  17
17  17
17  17
17  17
17  17
17  17
17  17
17  17
17  17
17  17
17  17
17  17
11  17
17  17
17  17
17  17
17  17
17  17
17  17
17  17
13  17
17  17
17  17
17  17
17  17
17  17
17  17
17  17
17  17
17  17
17  17
17  17
17  17
17  17
11  17
17  17
17  17
17  17
17  17
17  17
17  17
17  17
17  17
17  17
17  17
17  17
17  17
17  17
17  17
17  17
17  17
17  17
17  17
11  17
17  17
17  17
13  17
17  17
17  17
17  17
17  17
17  17
17  17
17  17
17  17
17  17
17  17
17  17
17  17
17  17
17  17
17  17
17  17
17  17
17  17
17  17
17  17
17  17
17  17
17  17
13  17
11  17
17  17
17  17
17  17
17  17
13  17
