Predicted_Labels  True_Labels
0  0
0  0
0  0
0  0
0  0
0  0
0  0
0  0
0  0
0  0
0  0
2  0
0  0
0  0
0  0
0  0
0  0
0  0
0  0
0  0
0  0
0  0
0  0
0  0
0  0
0  0
0  0
0  0
0  0
0  0
0  0
0  0
0  0
0  0
0  0
0  0
0  0
0  0
0  0
0  0
0  0
0  0
0  0
0  0
0  0
0  0
0  0
0  0
0  0
0  0
0  0
0  0
0  0
0  0
0  0
0  0
0  0
0  0
0  0
0  0
0  0
0  0
0  0
0  0
0  0
0  0
0  0
0  0
0  0
0  0
0  0
9  0
9  0
0  0
7  0
0  0
0  0
0  0
0  0
0  0
0  0
0  0
0  0
0  0
0  0
0  0
0  0
0  0
0  0
0  0
0  0
0  0
0  0
0  0
0  0
0  0
0  0
0  0
0  0
0  0
1  1
1  1
1  1
1  1
1  1
1  1
1  1
1  1
1  1
1  1
1  1
1  1
1  1
1  1
1  1
1  1
1  1
1  1
1  1
1  1
8  1
1  1
1  1
1  1
1  1
1  1
1  1
1  1
1  1
3  1
1  1
1  1
1  1
1  1
1  1
1  1
1  1
1  1
1  1
1  1
1  1
1  1
1  1
1  1
1  1
1  1
1  1
1  1
1  1
1  1
1  1
1  1
1  1
1  1
1  1
1  1
1  1
1  1
1  1
1  1
1  1
1  1
1  1
3  1
12  1
1  1
1  1
1  1
1  1
1  1
1  1
1  1
1  1
1  1
3  1
1  1
1  1
12  1
1  1
2  1
1  1
1  1
1  1
1  1
1  1
1  1
1  1
12  1
3  1
1  1
12  1
1  1
1  1
12  1
3  1
1  1
1  1
1  1
1  1
3  1
1  1
1  1
1  1
1  1
1  1
11  2
2  2
2  2
2  2
11  2
2  2
2  2
2  2
2  2
13  2
2  2
2  2
2  2
13  2
2  2
2  2
2  2
2  2
2  2
2  2
2  2
2  2
2  2
2  2
2  2
2  2
2  2
2  2
2  2
2  2
2  2
2  2
2  2
2  2
2  2
2  2
2  2
2  2
2  2
2  2
2  2
2  2
2  2
2  2
2  2
2  2
2  2
9  2
2  2
2  2
2  2
2  2
2  2
2  2
2  2
2  2
2  2
2  2
2  2
2  2
2  2
2  2
2  2
2  2
2  2
2  2
2  2
2  2
2  2
2  2
2  2
2  2
9  2
2  2
2  2
2  2
13  2
2  2
2  2
2  2
2  2
2  2
2  2
2  2
9  2
2  2
2  2
2  2
2  2
9  2
2  2
2  2
2  2
2  2
2  2
2  2
2  2
2  2
2  2
2  2
2  2
2  2
2  2
2  2
2  2
2  2
2  2
2  2
2  2
2  2
2  2
2  2
2  2
2  2
2  2
2  2
2  2
2  2
2  2
2  2
1  2
2  2
2  2
2  2
2  2
2  2
16  2
2  2
2  2
2  2
2  2
3  3
3  3
3  3
3  3
3  3
3  3
3  3
3  3
3  3
3  3
3  3
3  3
3  3
3  3
3  3
3  3
1  3
3  3
3  3
3  3
3  3
3  3
3  3
3  3
3  3
1  3
3  3
3  3
3  3
3  3
3  3
3  3
3  3
3  3
3  3
3  3
3  3
1  3
3  3
3  3
3  3
8  3
3  3
8  3
3  3
3  3
8  3
3  3
3  3
3  3
3  3
8  3
3  3
3  3
3  3
3  3
3  3
3  3
3  3
3  3
3  3
3  3
3  3
3  3
8  3
8  3
3  3
3  3
3  3
3  3
3  3
3  3
3  3
3  3
3  3
3  3
3  3
3  3
3  3
3  3
3  3
3  3
3  3
3  3
12  3
3  3
3  3
3  3
3  3
3  3
3  3
3  3
3  3
3  3
3  3
3  3
3  3
3  3
3  3
3  3
4  4
4  4
9  4
5  4
9  4
9  4
4  4
9  4
4  4
5  4
4  4
4  4
9  4
9  4
4  4
5  4
9  4
9  4
8  4
5  4
5  4
9  4
4  4
5  4
9  4
4  4
5  4
5  4
9  4
9  4
9  4
9  4
5  4
5  4
4  4
4  4
5  4
5  4
9  4
5  4
4  4
9  4
5  4
9  4
4  4
9  4
4  4
4  4
14  4
9  4
9  4
9  4
5  4
5  4
4  4
4  4
9  4
9  4
4  4
5  4
5  4
4  4
9  4
4  4
9  4
4  4
4  4
4  4
4  4
9  4
5  4
9  4
4  4
4  4
9  4
9  4
5  4
5  4
9  4
5  4
9  4
9  4
4  4
9  4
9  4
5  4
5  4
9  4
4  4
4  4
5  4
9  4
9  4
9  4
5  4
4  4
4  4
4  4
4  4
4  4
5  5
5  5
5  5
5  5
5  5
5  5
5  5
5  5
9  5
5  5
5  5
5  5
5  5
5  5
5  5
5  5
5  5
5  5
5  5
5  5
5  5
5  5
5  5
9  5
5  5
5  5
5  5
5  5
5  5
5  5
7  5
5  5
5  5
5  5
2  5
5  5
5  5
9  5
5  5
5  5
9  5
4  5
5  5
5  5
5  5
9  5
9  5
5  5
5  5
5  5
5  5
5  5
5  5
5  5
5  5
5  5
5  5
5  5
5  5
5  5
5  5
5  5
5  5
7  5
5  5
5  5
5  5
5  5
5  5
5  5
5  5
5  5
5  5
5  5
5  5
5  5
5  5
5  5
5  5
9  5
2  5
5  5
5  5
9  5
5  5
5  5
9  5
5  5
5  5
5  5
5  5
9  5
5  5
5  5
5  5
5  5
5  5
5  5
5  5
9  5
5  6
6  6
6  6
6  6
6  6
6  6
6  6
6  6
6  6
5  6
6  6
5  6
6  6
6  6
6  6
6  6
6  6
9  6
6  6
6  6
6  6
6  6
6  6
6  6
6  6
5  6
6  6
6  6
6  6
6  6
6  6
6  6
6  6
6  6
6  6
7  6
6  6
6  6
6  6
6  6
6  6
6  6
6  6
6  6
6  6
6  6
6  6
6  6
6  6
6  6
6  6
6  6
6  6
6  6
6  6
5  6
6  6
5  6
6  6
6  6
6  6
6  6
6  6
6  6
6  6
6  6
6  6
6  6
5  6
6  6
6  6
6  6
6  6
6  6
6  6
6  6
6  6
6  6
5  6
9  6
9  6
6  6
6  6
6  6
6  6
5  6
5  6
6  6
6  6
6  6
6  6
6  6
5  6
5  6
6  6
6  6
5  6
6  6
6  6
5  6
6  6
7  7
7  7
7  7
7  7
7  7
7  7
7  7
7  7
8  7
7  7
7  7
5  7
7  7
7  7
7  7
7  7
7  7
7  7
7  7
9  7
7  7
7  7
7  7
7  7
7  7
7  7
5  7
7  7
7  7
7  7
7  7
7  7
7  7
7  7
6  7
7  7
7  7
7  7
7  7
7  7
7  7
7  7
7  7
7  7
7  7
7  7
7  7
7  7
7  7
7  7
7  7
7  7
7  7
7  7
7  7
7  7
7  7
7  7
5  7
7  7
7  7
7  7
7  7
10  7
10  7
7  7
7  7
7  7
9  7
7  7
7  7
7  7
7  7
10  7
7  7
7  7
7  7
8  7
7  7
7  7
7  7
7  7
7  7
7  7
7  7
7  7
7  7
7  7
8  7
7  7
7  7
7  7
7  7
7  7
7  7
7  7
7  7
7  7
7  7
7  7
7  7
7  7
7  7
7  7
7  7
7  7
7  7
7  7
7  7
7  7
7  7
7  7
7  7
7  7
8  7
7  7
10  7
7  7
10  7
10  7
7  7
7  7
7  7
7  7
10  7
7  7
10  7
7  7
7  7
7  7
7  7
5  7
7  7
7  7
7  7
7  7
7  7
7  7
7  7
7  7
7  7
7  7
10  7
7  7
7  7
7  7
7  7
7  7
8  7
7  7
8  8
8  8
8  8
8  8
8  8
8  8
8  8
8  8
8  8
8  8
8  8
8  8
8  8
8  8
8  8
8  8
8  8
8  8
8  8
8  8
8  8
8  8
10  8
8  8
8  8
8  8
8  8
8  8
8  8
8  8
8  8
8  8
8  8
8  8
8  8
8  8
10  8
8  8
10  8
10  8
8  8
8  8
8  8
8  8
8  8
8  8
8  8
8  8
8  8
8  8
8  8
8  8
8  8
8  8
8  8
8  8
8  8
8  8
8  8
8  8
8  8
10  8
8  8
8  8
8  8
8  8
8  8
8  8
8  8
8  8
8  8
8  8
8  8
8  8
8  8
8  8
8  8
8  8
8  8
8  8
8  8
8  8
8  8
8  8
8  8
8  8
8  8
8  8
8  8
8  8
10  8
8  8
8  8
8  8
8  8
8  8
8  8
8  8
8  8
8  8
8  8
8  8
8  8
8  8
8  8
8  8
8  8
8  8
8  8
8  8
8  8
8  8
8  8
8  8
8  8
8  8
8  8
8  8
8  8
8  8
8  8
8  8
8  8
8  8
8  8
8  8
8  8
8  8
8  8
8  8
8  8
8  8
8  8
8  8
8  8
8  8
8  8
8  8
8  8
8  8
8  8
8  8
8  8
8  8
8  8
8  8
8  8
8  8
8  8
8  8
8  8
8  8
8  8
8  8
8  8
8  8
8  8
8  8
8  8
8  8
8  8
8  8
8  8
8  8
8  8
8  8
8  8
8  8
8  8
8  8
8  8
8  8
8  8
8  8
8  8
8  8
8  8
8  8
8  8
1  8
8  8
8  8
1  8
8  8
8  8
8  8
8  8
1  8
8  8
12  8
8  8
8  8
8  8
8  8
8  8
8  8
8  8
1  8
8  8
8  8
1  8
1  8
1  8
1  8
1  8
8  8
10  8
8  8
9  8
1  8
8  8
1  8
8  8
8  8
8  8
8  8
8  8
12  8
8  8
8  8
8  8
8  8
8  8
8  8
8  8
8  8
8  8
8  8
8  8
8  8
8  8
8  8
8  8
8  8
8  8
8  8
8  8
8  8
8  8
8  8
8  8
8  8
8  8
8  8
8  8
8  8
8  8
8  8
8  8
8  8
8  8
8  8
8  8
8  8
8  8
8  8
8  8
8  8
3  8
8  8
8  8
8  8
8  8
8  8
8  8
8  8
8  8
8  8
8  8
8  8
8  8
8  8
8  8
8  8
8  8
8  8
8  8
8  8
8  8
8  8
8  8
8  8
8  8
8  8
8  8
8  8
8  8
8  8
8  8
8  8
8  8
8  8
8  8
8  8
8  8
8  8
8  8
8  8
8  8
8  8
8  8
8  8
8  8
8  8
8  8
8  8
8  8
8  8
8  8
3  8
8  8
8  8
8  8
8  8
8  8
8  8
8  8
8  8
8  8
8  8
8  8
8  8
8  8
8  8
8  8
8  8
8  8
8  8
8  8
3  8
8  8
8  8
8  8
8  8
8  8
8  8
8  8
8  8
9  9
9  9
9  9
5  9
9  9
9  9
9  9
9  9
9  9
9  9
9  9
9  9
9  9
9  9
9  9
5  9
9  9
9  9
9  9
9  9
9  9
9  9
9  9
9  9
9  9
9  9
9  9
9  9
9  9
9  9
9  9
9  9
9  9
9  9
9  9
9  9
9  9
9  9
9  9
9  9
9  9
9  9
9  9
9  9
9  9
9  9
9  9
9  9
5  9
9  9
9  9
9  9
9  9
9  9
9  9
9  9
17  9
9  9
9  9
9  9
9  9
9  9
9  9
9  9
9  9
9  9
9  9
9  9
9  9
11  9
9  9
9  9
9  9
9  9
9  9
9  9
9  9
9  9
9  9
9  9
9  9
9  9
9  9
9  9
9  9
9  9
9  9
9  9
9  9
9  9
13  9
13  9
2  9
9  9
11  9
9  9
9  9
9  9
9  9
17  9
10  10
10  10
10  10
10  10
2  10
10  10
10  10
10  10
10  10
10  10
10  10
10  10
10  10
10  10
10  10
10  10
10  10
10  10
10  10
10  10
10  10
10  10
10  10
10  10
10  10
10  10
11  10
10  10
10  10
10  10
10  10
10  10
10  10
13  10
10  10
13  10
10  10
10  10
13  10
10  10
10  10
10  10
10  10
10  10
10  10
10  10
13  10
10  10
10  10
10  10
13  10
10  10
10  10
10  10
10  10
10  10
10  10
10  10
10  10
10  10
10  10
10  10
13  10
11  10
10  10
10  10
10  10
10  10
10  10
10  10
10  10
10  10
11  10
10  10
10  10
10  10
10  10
10  10
10  10
10  10
10  10
10  10
10  10
10  10
10  10
10  10
10  10
10  10
10  10
10  10
10  10
10  10
10  10
11  10
10  10
10  10
10  10
10  10
10  10
10  10
11  11
11  11
11  11
11  11
11  11
11  11
11  11
11  11
11  11
11  11
11  11
11  11
11  11
11  11
11  11
11  11
11  11
11  11
11  11
11  11
11  11
11  11
11  11
11  11
11  11
11  11
11  11
11  11
11  11
11  11
11  11
11  11
11  11
11  11
11  11
11  11
11  11
11  11
11  11
11  11
11  11
11  11
11  11
11  11
11  11
11  11
11  11
11  11
17  11
11  11
11  11
11  11
11  11
11  11
11  11
11  11
11  11
11  11
11  11
10  11
13  11
11  11
11  11
11  11
11  11
13  11
11  11
11  11
11  11
11  11
11  11
13  11
11  11
11  11
11  11
11  11
11  11
11  11
11  11
11  11
11  11
11  11
11  11
11  11
16  11
16  11
11  11
11  11
11  11
11  11
13  11
11  11
11  11
11  11
11  11
11  11
11  11
11  11
17  11
11  11
12  12
12  12
12  12
12  12
12  12
12  12
12  12
12  12
12  12
12  12
12  12
12  12
12  12
12  12
12  12
12  12
12  12
12  12
12  12
12  12
12  12
12  12
12  12
12  12
12  12
12  12
12  12
12  12
12  12
12  12
12  12
12  12
12  12
12  12
12  12
12  12
12  12
12  12
12  12
12  12
12  12
12  12
12  12
12  12
12  12
12  12
12  12
12  12
12  12
12  12
12  12
12  12
12  12
12  12
12  12
12  12
12  12
12  12
12  12
12  12
12  12
12  12
12  12
12  12
12  12
12  12
12  12
12  12
12  12
12  12
12  12
12  12
12  12
12  12
12  12
8  12
12  12
8  12
8  12
12  12
8  12
12  12
8  12
8  12
12  12
12  12
8  12
12  12
8  12
12  12
12  12
12  12
12  12
12  12
12  12
8  12
8  12
8  12
8  12
8  12
12  12
12  12
8  12
13  13
11  13
13  13
16  13
13  13
13  13
13  13
13  13
13  13
10  13
13  13
11  13
11  13
13  13
16  13
13  13
13  13
13  13
13  13
13  13
13  13
11  13
11  13
11  13
10  13
10  13
13  13
11  13
13  13
11  13
13  13
13  13
11  13
13  13
11  13
11  13
13  13
11  13
11  13
13  13
13  13
13  13
2  13
11  13
13  13
11  13
13  13
11  13
11  13
11  13
11  13
11  13
13  13
13  13
11  13
13  13
11  13
11  13
13  13
11  13
13  13
13  13
11  13
11  13
11  13
11  13
9  13
11  13
11  13
13  13
11  13
11  13
13  13
13  13
13  13
11  13
11  13
11  13
11  13
11  13
13  13
13  13
13  13
13  13
13  13
13  13
11  13
13  13
11  13
13  13
11  13
11  13
13  13
2  13
13  13
13  13
13  13
13  13
17  13
13  13
13  13
13  13
13  13
11  13
11  13
10  13
13  13
13  13
14  14
14  14
14  14
2  14
14  14
14  14
14  14
14  14
14  14
14  14
14  14
15  14
14  14
14  14
14  14
14  14
14  14
14  14
5  14
14  14
14  14
14  14
14  14
14  14
14  14
14  14
14  14
15  14
14  14
14  14
14  14
2  14
14  14
14  14
14  14
14  14
9  14
2  14
14  14
14  14
14  14
14  14
9  14
2  14
14  14
15  14
1  14
14  14
14  14
14  14
14  14
15  14
14  14
14  14
15  14
14  14
14  14
14  14
14  14
14  14
14  14
14  14
14  14
14  14
14  14
14  14
14  14
14  14
14  14
14  14
14  14
15  14
14  14
14  14
14  14
15  14
14  14
14  14
15  14
15  14
14  14
9  14
14  14
15  14
14  14
15  14
14  14
5  14
14  14
14  14
14  14
14  14
14  14
15  14
14  14
14  14
14  14
14  14
14  14
15  14
14  14
14  14
14  14
14  15
14  15
15  15
15  15
14  15
14  15
14  15
15  15
15  15
15  15
14  15
15  15
15  15
15  15
15  15
15  15
15  15
14  15
15  15
15  15
15  15
15  15
15  15
15  15
15  15
15  15
15  15
15  15
15  15
14  15
14  15
2  15
14  15
14  15
14  15
15  15
15  15
15  15
15  15
15  15
15  15
15  15
15  15
15  15
15  15
15  15
15  15
15  15
15  15
0  15
15  15
15  15
15  15
15  15
15  15
15  15
15  15
15  15
15  15
15  15
15  15
15  15
15  15
15  15
15  15
15  15
15  15
15  15
15  15
15  15
15  15
15  15
14  15
15  15
15  15
2  15
15  15
15  15
14  15
15  15
15  15
15  15
15  15
15  15
15  15
15  15
15  15
15  15
15  15
15  15
15  15
15  15
14  15
15  15
15  15
14  15
15  15
14  15
15  15
15  15
15  15
11  16
16  16
16  16
16  16
16  16
16  16
16  16
16  16
16  16
16  16
16  16
16  16
16  16
16  16
16  16
16  16
16  16
16  16
16  16
16  16
16  16
16  16
16  16
16  16
16  16
16  16
16  16
16  16
16  16
16  16
16  16
16  16
16  16
16  16
16  16
16  16
16  16
16  16
16  16
16  16
16  16
16  16
16  16
16  16
16  16
16  16
16  16
16  16
16  16
16  16
16  16
16  16
16  16
10  16
16  16
16  16
16  16
16  16
16  16
16  16
16  16
16  16
16  16
16  16
10  16
16  16
16  16
16  16
16  16
16  16
16  16
16  16
16  16
16  16
16  16
16  16
10  16
16  16
16  16
16  16
16  16
10  16
10  16
16  16
10  16
16  16
16  16
16  16
16  16
16  16
16  16
16  16
16  16
10  16
16  16
16  16
16  16
16  16
16  16
16  16
17  17
17  17
17  17
17  17
17  17
17  17
17  17
17  17
17  17
17  17
17  17
17  17
17  17
17  17
17  17
17  17
17  17
17  17
17  17
17  17
17  17
17  17
17  17
17  17
17  17
11  17
17  17
17  17
17  17
17  17
17  17
17  17
17  17
17  17
17  17
17  17
17  17
17  17
17  17
17  17
17  17
17  17
17  17
17  17
17  17
17  17
17  17
17  17
17  17
17  17
17  17
17  17
17  17
17  17
17  17
17  17
17  17
17  17
17  17
17  17
17  17
17  17
17  17
17  17
17  17
17  17
17  17
17  17
17  17
17  17
17  17
17  17
17  17
17  17
17  17
17  17
17  17
17  17
17  17
17  17
17  17
17  17
17  17
17  17
17  17
17  17
17  17
17  17
17  17
17  17
17  17
17  17
17  17
17  17
17  17
17  17
17  17
17  17
17  17
17  17
