2.4293  63.8204  
1.3033  75.2056  
0.9034  81.2144  
0.6355  83.8710  
0.4817  86.4643  
0.5153  88.9943  
0.3929  88.6781  
0.2948  89.2473  
0.3073  90.8918  
0.2294  91.0183  
0.0892  91.2081  
0.0810  91.7141  
0.0744  92.2834  
0.0691  92.3466  
0.0649  92.4731  
0.0620  92.5364  
0.0623  92.7261  
0.0597  92.8526  
0.0574  92.7261  
0.0547  92.9791  
0.0546  92.9791  
0.0525  93.0424  
0.0523  93.0424  
0.0511  92.9791  
0.0539  92.9791  
0.0524  93.0424  
0.0523  92.9791  
0.0543  92.9791  
0.0535  92.9791  
0.0543  92.9791  
